-72.99371 -36.991 367
-73.04855 -36.97694 367
-73.0603 -37.00114 367
-73.04829 -36.98283 367
-73.06195 -36.99942 367
-73.01706 -36.99723 367
-72.24453 -38.10761 367
-73.07388 -36.99401 367
-72.86215 -38.47043 367
-73.04562 -36.98101 367
-73.00676 -36.99265 367
-73.00912 -37.00105 367
-73.04987 -36.97109 367
-73.01347 -36.98708 367
-73.05663 -37.04327 367
-73.04529 -36.96916 367
-73.03239 -37.02179 367
-73.03799 -36.97314 367
-73.00606 -36.99852 367
-72.99597 -36.99755 367
-73.02003 -37.00988 367
-73.02737 -36.97623 367
-73.02587 -37.01737 367
-73.0407 -36.97979 367
-73.00882 -36.99127 367
-73.02061 -37.00896 367
-73.07325 -37.00581 367
-73.06795 -37.00486 367
-73.05722 -37.04265 367
-73.02439 -37.01105 367
-71.49999 -37.70164 367
-72.24423 -37.26235 367
-73.07736 -37.00145 367
-73.02647 -37.0165 367
-73.06191 -36.99733 367
-73.0279 -37.02383 367
-73.06179 -37.00533 367
-72.23192 -37.239 367
-73.04961 -36.98117 367
-72.24229 -37.25894 367
-72.23235 -37.23335 367
-72.87063 -38.46718 367
-72.86856 -38.47241 367
-73.02843 -37.02298 367
-72.86177 -38.47633 367
-73.04871 -36.97601 367
-72.24406 -38.1133 367
-71.50355 -37.70184 367
-73.05911 -37.0025 367
-72.78587 -37.14433 367
-73.06342 -37.04089 367
-72.23281 -37.2277 367
-72.24313 -37.25409 367
-72.24595 -38.10888 367
-72.24522 -37.25105 367
-72.24357 -37.25544 367
-72.2447 -37.2567 367
-72.86707 -38.47062 367
-73.05256 -36.97712 280.78
-73.0023 -36.99329 367
-73.01832 -37.0035 367
-72.11754 -38.20058 299.29
-72.03696 -38.26259 299.69
-72.11252 -38.20152 295.12
-72.11143 -38.19801 303.08
-72.04082 -38.25818 301.07
-72.26785 -38.06998 296.1
-72.25667 -38.08698 299.17
-72.23946 -38.11076 297.72
-72.24237 -38.10275 304.9
-72.25533 -38.09282 308.99
-72.25931 -38.08833 314.65
-72.25657 -38.06836 295.78
-72.23622 -38.1002 318.39
-73.35752 -37.97404 297.85
-73.10658 -37.0842 295.65
-72.23732 -38.10371 327.53
-72.23839 -38.10723 326.82
-72.25027 -38.06582 295.08
-72.26287 -38.07092 307.39
-73.10528 -37.08053 312.17
-72.20819 -38.08489 318.58
-71.50321 -37.69603 309.63
-71.49884 -37.69684 307.42
-73.07915 -37.00301 312.14
-71.49573 -37.68284 300.58
-72.03136 -38.09936 301.82
-72.24345 -38.10627 323.58
-72.24632 -38.07029 308.42
-71.49367 -37.69415 305.29
-71.50236 -37.69255 299.49
-72.24331 -37.2645 327.73
-72.23925 -37.26904 300.63
-72.03586 -38.25911 331.08
-72.73078 -37.26086 299.92
-72.81332 -37.5749 304.78
-73.10109 -37.08529 330.83
-72.79511 -37.12664 306.22
-73.12787 -36.7455 328.07
-72.1986 -37.81857 318.46
-72.24311 -37.24569 315.05
-73.07327 -37.00418 299.4
-72.54351 -36.55462 331.27
-72.79917 -37.1413 298.81
-72.23392 -37.25122 299.83
-72.79305 -37.13865 299.91
-72.18456 -37.8063 303.1
-73.03748 -36.97993 330.08
-72.78876 -37.12402 328.04
-73.0679 -36.96992 301.53
-72.24453 -38.10979 349.68
-73.11913 -37.0699 301.86
-73.07171 -37.08724 298.9
-72.23798 -37.24667 322.06
-73.02832 -37.00918 305.2
-73.04499 -37.02547 314.25
-73.03355 -37.00814 313.25
-72.1835 -37.80277 304.01
-73.0346 -37.01185 299.75
-72.1762 -37.79669 301.59
-73.0295 -37.01287 319.09
-73.05667 -37.02707 300.7
-73.04928 -37.00111 308.08
-73.01087 -36.98916 310.4
-73.05255 -37.03181 307.92
-73.04244 -37.01813 300.55
-73.03706 -37.0192 317.48
-73.06242 -36.97168 331.27
-73.05769 -37.03078 309.25
-73.04913 -37.02073 329.85
-73.11466 -37.07473 302.53
-73.12027 -37.0736 319.57
-73.05956 -36.99906 300.35
-73.02514 -36.97848 324.09
-73.04368 -37.0218 324.56
-73.0533 -36.99638 315.03
-73.06257 -36.97099 328.91
-73.02436 -36.99822 320.93
-73.06068 -37.00275 307.57
-73.0998 -37.08163 335.8
-73.05833 -36.97148 340.99
-73.03849 -36.98365 327.66
-72.24139 -37.27617 346.39
-72.98997 -36.99001 335.62
-73.07704 -37.08617 337.02
-72.99911 -36.9865 331.14
-73.04523 -36.97087 335
-72.17841 -37.80373 341.29
-73.03578 -37.01553 331.16
-73.02991 -36.99711 320.68
-73.05873 -37.0345 330.92
-73.06075 -36.97751 337.57
-73.07143 -36.981 345.46
-73.04714 -36.99369 329.44
-72.23905 -37.25024 343.1
-72.99197 -36.99648 332.2
-73.028 -36.98966 307.62
-73.06367 -36.99431 344.21
-73.06562 -36.99548 335.45
-73.06287 -37.02976 333.97
-73.01975 -36.97956 329.78
-73.10782 -37.07217 306.51
-73.00808 -36.9889 330.99
-73.07108 -36.98982 339.22
-72.24011 -37.25381 330.15
-73.03339 -36.9719 330.12
-73.05294 -36.97684 338.62
-73.05503 -36.98427 308.72
-73.0522 -36.98302 343.78
-73.11214 -37.06737 340.99
-73.07386 -36.99992 332.51
-72.25143 -38.06933 346.53
-73.05842 -36.99536 318.77
-73.06439 -36.97847 328.34
-73.068 -36.98952 335.03
-73.11336 -37.07106 324.81
-73.05618 -36.98796 317.87
-73.04412 -36.98264 356.05
-73.06831 -37.02869 345.17
-73.0602 -37.00705 339.91
-73.04273 -36.97888 343.47
-73.01048 -36.98544 348.03
-73.06005 -36.98326 313.51
-73.02711 -36.98592 313.84
-73.05006 -36.98526 338.7
-73.03294 -37.02771 338.32
-73.03381 -36.9885 311.52
-73.02094 -36.98044 343.68
-73.00278 -36.99691 339.12
-73.03951 -36.98737 319.52
-73.02171 -36.987 311.71
-73.01538 -36.98435 333.24
-73.05119 -36.98896 333.03
-73.02754 -37.00977 331.52
-73.07261 -36.98241 340.02
-73.07195 -36.99578 352.9
-73.01536 -36.98565 338.49
-73.02326 -36.99452 324.95
-73.08135 -37.00251 335.71
-73.01608 -37.00773 332.57
-73.0125 -36.99667 327.21
-73.0261 -36.9822 337.74
-73.04617 -36.98996 328.53
-73.07076 -37.00755 346.5
-72.23213 -38.10535 336.64
-73.03276 -36.98479 323.92
-73.07021 -36.97731 351.49
-73.01624 -36.98809 346.91
-73.05428 -36.9713 350.38
-73.02887 -36.99341 330.92
-73.02078 -36.98327 349.07
-73.02583 -36.98176 345.33
-73.07741 -37.00788 333.35
-72.23711 -37.26192 341.89
-73.05545 -37.02871 334.48
-73.04624 -37.03968 339.46
-73.02249 -36.99076 317.44
-73.04568 -37.04039 331.85
-73.07191 -36.99407 345.06
-73.06398 -37.03346 334.89
-72.23498 -37.25478 325.71
-73.07359 -37.00044 354.22
-73.04888 -36.98158 348.19
-73.03586 -37.02002 335.13
-73.0716 -37.00168 354.35
-72.04232 -38.25933 341.13
-73.06902 -36.97363 340.03
-73.07462 -36.98887 348.83
-72.24033 -37.27261 354.9
-73.00446 -36.99981 349.79
-73.01703 -36.99185 333.68
-73.01162 -36.99293 320.28
-73.06942 -37.03239 342.31
-73.04231 -37.02813 342.6
-73.02589 -36.99958 343.7
-73.05659 -36.97731 351.92
-73.0318 -36.97741 348.25
-72.25762 -38.09401 336.23
-72.03537 -38.26347 354.06
-73.02718 -37.00586 333.78
-73.05559 -36.97192 350.23
-73.04942 -37.03461 330.17
-73.05984 -37.0382 340.64
-73.07551 -37.00687 330.77
-73.01153 -36.99288 347.05
-72.24328 -37.27365 337.52
-72.23251 -38.09966 330.52
-72.86621 -38.466 354.03
-73.05486 -36.97766 347.59
-73.05893 -36.97956 335.85
-73.02495 -37.01015 353.94
-73.03143 -37.01786 344.93
-73.06594 -36.9984 336.08
-73.065 -37.00727 355.31
-71.49222 -37.68479 330.68
-73.03175 -36.98108 355.66
-72.23818 -37.26548 336.31
-72.26494 -38.07269 332.49
-72.23624 -37.2449 347.36
-73.05908 -37.04069 332.13
-73.05728 -36.99166 343.95
-73.05353 -36.98134 338.25
-73.02165 -36.99845 349.74
-73.06119 -36.98697 338
-73.03078 -37.01868 354.41
-72.24147 -37.27332 345.87
-71.49079 -37.69565 333.94
-73.06508 -37.03716 355.06
-73.033 -37.02422 349.23
-73.06767 -37.03363 331.11
-72.24599 -37.26227 330.99
-73.05501 -37.0346 339.09
-73.05816 -36.9758 352.54
-73.05491 -37.0405 350.95
-71.49842 -37.68513 343.68
-73.00757 -36.99711 356.13
-72.24117 -37.25737 334.95
-73.05389 -36.98058 347.91
-71.49532 -37.68496 331.24
-72.86398 -38.47118 344.76
-73.06248 -37.04408 347.29
-72.23663 -37.23924 349.64
-73.06551 -36.98218 353.53
-72.24572 -37.27322 340.03
-72.87181 -38.47081 333.51
-73.06191 -37.04467 347.27
-73.03233 -37.02501 340.18
-73.06256 -37.03301 351.78
-73.06295 -37.03236 352.32
-73.06846 -37.03519 347.78
-72.7039 -37.48342 333.08
-72.26566 -38.07211 344.34
-73.06732 -37.03427 341.58
-73.05225 -36.99267 349.47
-73.04498 -36.98628 350.92
-73.06703 -37.00555 348.58
-73.0461 -36.98124 350.77
-73.06361 -37.03498 345.79
-73.03786 -37.02794 355.22
-73.06349 -36.97473 352.11
-73.06548 -37.00138 346.97
-72.04016 -38.26539 353.83
-73.0599 -37.03822 355.74
-73.06494 -37.03955 354.57
-72.24944 -37.25694 341.25
-73.06041 -37.03759 350.62
-73.00706 -36.99456 349.96
-73.04375 -36.9826 339.95
-72.23328 -37.22205 333.2
-73.05022 -36.97048 352.67
-73.05081 -37.04033 349.09
-73.00014 -36.99866 342.24
-73.06387 -37.00377 353.22
-73.06667 -36.98587 338.4
-72.03982 -38.2647 346.09
-72.24828 -37.25674 343.16
-72.24557 -37.2609 351.78
-73.01379 -37.00229 339.82
-72.24641 -38.11179 353.59
-72.24538 -37.24855 341.03
-73.06234 -36.99065 342.84
-72.24787 -37.25537 350.64
-72.9978 -36.99209 347.03
-72.23605 -37.25835 338.03
