-72.68721 -38.06789 367
-72.68909 -38.06096 367
-72.69674 -38.06959 367
-72.69507 -38.06626 367
-72.68363 -38.07147 367
-72.69312 -38.07318 367
-72.67881 -38.0706 367
-72.69965 -38.0592 334.79
-72.68807 -38.04624 332.58
-72.68036 -38.05577 336.53
-72.38682 -38.24404 336.37
-72.38191 -38.24314 342.38
-72.69408 -38.06972 367
-72.67843 -38.0627 367
-72.38294 -38.23967 367
-72.68739 -38.07578 345.49
-72.69214 -38.07664 336.57
-72.67268 -38.06531 332.61
-72.67397 -38.06972 336.76
-72.6736 -38.06184 333.98
-72.68329 -38.06356 329.03
-72.68063 -38.06365 334.86
-72.6987 -38.06267 337.12
-72.67651 -38.05145 339.46
-72.68549 -38.06453 339.32
-71.09566 -36.66238 332.95
-72.68237 -38.06703 349.87
-72.68423 -38.0601 346.28
-72.67747 -38.04799 343.9
-72.67457 -38.05837 350.31
-72.67489 -38.06624 344.83
-72.68713 -38.0497 344.75
-72.6852 -38.05663 351.43
-72.67972 -38.06712 355.2
-72.67751 -38.06617 350.22
-72.69294 -38.06528 356.18
-72.37701 -38.24224 338.52
-72.69487 -38.05835 338.2
-72.69772 -38.06613 341.78
-72.67939 -38.05923 348.68
-72.68935 -38.06887 349.09
-72.69005 -38.05749 355.68
-72.68456 -38.068 356.42
-72.68814 -38.06442 344.38
-72.37804 -38.23876 344.66
-72.6903 -38.0654 347.1
-72.6939 -38.06181 352.96
-72.69198 -38.06874 350.66
