-73.36766 -37.9171 367
-73.00864 -38.41175 298.49
-73.00246 -38.41304 301.07
-73.08396 -38.37953 296.78
-72.99965 -38.42595 300.87
-73.08862 -38.37442 298.99
-72.96967 -36.66581 300.04
-72.96492 -36.6668 318.37
-73.36481 -37.91808 345.06
-72.99367 -38.42719 343.73
-73.37095 -37.91825 349.57
-72.99364 -38.42657 337.52
-72.99599 -38.42564 340.59
-72.99697 -38.41924 349.01
-73.00163 -38.4139 326.11
-73.00164 -38.42581 327.87
-72.99081 -38.43341 341.37
-73.00436 -38.41302 330.19
-72.99264 -38.43319 343.72
-73.16718 -38.04166 339.34
-73.17073 -38.04188 353.59
-72.9949 -38.42846 351.31
-72.9982 -38.41874 339.71
-72.99311 -38.42871 348.56
-73.00238 -38.4194 350.28
-73.0003 -38.4203 356.15
