-73.02678 -37.24926 367
-73.02692 -37.20412 367
-73.03345 -37.19868 367
-73.00091 -37.21085 367
-73.00531 -37.21982 367
-73.01909 -37.1412 367
-73.0273 -37.21169 367
-73.01743 -37.25381 367
-73.02012 -37.14162 367
-72.9956 -37.19417 367
-73.02399 -37.20312 367
-73.03301 -37.25105 367
-73.01586 -37.20056 367
-73.00721 -37.22041 367
-73.01254 -37.19952 367
-72.81004 -36.68355 367
-73.00333 -37.19661 367
-72.99796 -37.1948 367
-72.80951 -36.68076 367
-73.02686 -37.25681 367
-73.00579 -37.19732 367
-73.02991 -37.2976 367
-72.81808 -36.68611 367
-73.04361 -37.24711 367
-72.81285 -36.67675 367
-72.87644 -36.46836 367
-73.00061 -37.25598 367
-72.81256 -36.69973 367
-72.88965 -36.4958 367
-72.87878 -36.72625 367
-72.87931 -36.72856 367
-72.88795 -36.47982 367
-73.0238 -37.30167 367
-72.7851 -36.6987 367
-72.79261 -36.69842 367
-73.60782 -37.16695 367
-72.78216 -36.70275 367
-72.88994 -36.49862 367
-72.87715 -36.47145 367
-72.9443 -36.62851 367
-72.7751 -36.71862 367
-73.0162 -37.31934 367
-72.99458 -37.25406 367
-72.78283 -36.72107 367
-72.84635 -38.32315 367
-73.02471 -37.29716 367
-72.77906 -36.72488 367
-72.84366 -38.3247 367
-72.80082 -36.70108 367
-72.79292 -36.70118 367
-72.78645 -36.71452 367
-72.83631 -38.32739 367
-72.78297 -36.71844 367
-72.78642 -36.71184 367
-72.7789 -36.7275 367
-72.89509 -36.48212 367
-72.81672 -36.70622 367
-73.0178 -37.30574 367
-72.78973 -36.70786 367
-72.83404 -38.32904 367
-72.82441 -38.33337 367
-73.60509 -37.16898 367
-72.78967 -36.70518 367
-72.6937 -36.56442 367
-72.95677 -38.24431 367
-72.88046 -36.46189 367
-72.81673 -36.70874 367
-72.84235 -38.32928 367
-73.57682 -37.19679 367
-72.37614 -37.78768 367
-72.37476 -37.78849 367
-72.82102 -36.71778 367
-72.89573 -36.48507 367
-72.95253 -38.25035 367
-72.89239 -36.48896 367
-72.77543 -36.73142 367
-72.8399 -38.33091 367
-73.04826 -37.25581 367
-72.79046 -36.72347 367
-73.01855 -37.30123 367
-72.85091 -38.32702 367
-72.79723 -36.71024 367
-72.79382 -36.71685 367
-72.71537 -36.56814 367
-73.00988 -37.32338 367
-72.82095 -36.71528 367
-72.38241 -37.79095 367
-72.63439 -36.54186 367
-72.71973 -36.56496 367
-72.9519 -38.24578 367
-73.01103 -37.31432 367
-73.59699 -37.18557 367
-72.7906 -36.72089 367
-73.5821 -37.19563 367
-72.65492 -36.46647 367
-72.38374 -37.79016 367
-72.61976 -36.55643 367
-72.78674 -36.72998 367
-72.83085 -38.33542 367
-72.77981 -36.74053 367
-72.99489 -36.96043 367
-73.04987 -37.25663 367
-72.78313 -36.7339 367
-72.62665 -36.54306 367
-73.0029 -37.32736 367
-72.88788 -36.47889 367
-72.80466 -36.77925 367
-72.84997 -38.33166 367
-73.01243 -37.30529 367
-72.86331 -38.32358 367
-72.62739 -36.55518 367
-73.01172 -37.30981 367
-72.89301 -36.4919 367
-72.63538 -36.54585 367
-72.65214 -36.47336 367
-72.78415 -36.74963 367
-72.5078 -36.58681 367
-72.97809 -36.96937 367
-72.78749 -36.743 367
-72.86609 -36.78352 367
-72.51565 -36.58934 367
-72.88724 -36.6794 367
-72.88037 -36.49177 367
-72.39311 -37.78674 367
-72.81523 -36.79599 367
-72.3944 -37.78599 367
-72.37294 -37.7943 367
-72.5105 -36.57986 367
-72.664 -37.63177 367
-72.55538 -36.64479 367
-72.85962 -37.19666 367
-71.9836 -37.51729 367
-72.40963 -37.79098 367
-72.79527 -36.76088 367
-72.65976 -36.47583 367
-72.99826 -37.26276 367
-72.84703 -38.33318 367
-72.40836 -37.79165 367
-73.01324 -37.30079 367
-72.50824 -36.58247 367
-72.98395 -36.96366 367
-72.89484 -36.68486 367
-72.84997 -37.24583 367
-72.79456 -36.78371 367
-72.79047 -36.73626 367
-72.86242 -36.79001 367
-72.85902 -36.79659 367
-72.38045 -37.79675 367
-73.00419 -37.26465 367
-72.79605 -36.78208 367
-72.55637 -36.64918 367
-72.37905 -37.79752 367
-73.17161 -38.10316 367
-72.82848 -38.34207 367
-72.83675 -38.3373 367
-72.64533 -36.52944 367
-73.1885 -38.10116 367
-72.65351 -37.65116 367
-73.00584 -38.39827 367
-72.6572 -37.64476 367
-72.85406 -36.62266 367
-72.65782 -37.6447 367
-72.88901 -36.48067 367
-72.62313 -37.69453 367
-72.66734 -37.6707 367
-72.62404 -37.6945 367
-72.4052 -37.79827 367
-72.79488 -38.3758 367
-72.851 -37.23099 367
-73.17288 -38.11087 367
-72.56383 -36.73748 367
-72.49278 -36.6367 367
-72.7901 -38.38169 367
-72.99612 -37.26961 367
-72.65418 -37.65112 367
-72.82269 -38.35501 367
-72.81374 -37.32482 367
-72.86571 -37.19016 367
-73.00661 -37.21245 367
-72.66822 -37.67084 367
-72.86114 -37.27562 367
-72.84564 -36.64445 367
-72.82584 -38.34862 367
-73.07645 -38.38403 367
-72.54846 -36.66595 367
-72.80947 -38.36562 367
-72.83449 -38.40594 367
-72.8008 -38.40723 367
-73.00562 -37.30929 367
-72.67975 -37.64437 367
-72.48483 -36.70388 367
-73.02186 -38.42527 367
-72.79359 -38.37801 367
-72.98483 -36.96482 367
-73.01953 -38.09936 367
-73.01544 -38.1007 367
-72.81646 -37.31811 367
-72.50916 -36.56377 367
-73.00269 -37.29426 367
-73.03187 -38.10596 367
-72.85368 -37.23943 367
-73.17583 -38.11911 367
-72.56082 -36.73998 367
-72.91904 -37.3055 367
-72.64242 -37.69284 367
-72.40646 -37.7976 367
-73.00931 -38.11089 367
-73.0146 -37.30553 367
-72.53099 -36.65704 367
-73.17703 -38.10486 367
-72.55883 -36.74364 367
-72.37406 -37.81 367
-71.93239 -36.99708 367
-72.91986 -37.30583 367
-72.65287 -37.67346 367
-72.82175 -37.30463 367
-73.17206 -38.13256 367
-72.83578 -37.25648 367
-72.85348 -36.62711 367
-72.64501 -37.68632 367
-73.03175 -38.39182 367
-72.79604 -38.38621 367
-73.18409 -38.13633 367
-73.07425 -38.39064 367
-72.65208 -37.67342 367
-72.13842 -37.9236 367
-73.01409 -37.29628 367
-72.63749 -37.72157 367
-73.19411 -38.13216 367
-72.31619 -38.08712 367
-72.72999 -36.5683 367
-72.8129 -37.3473 367
-73.00789 -37.23542 367
-72.83527 -37.3814 367
-72.99129 -37.30615 367
-72.83164 -38.41243 367
-73.00515 -37.28752 367
-73.00224 -37.27155 367
-72.83288 -37.26315 367
-72.56351 -36.64607 367
-72.83694 -37.25637 367
-72.62943 -37.68138 367
-72.85454 -37.22453 367
-72.83412 -37.26306 367
-72.87921 -36.62011 367
-72.55717 -38.09618 367
-72.81103 -38.37621 367
-72.31737 -36.59874 367
-72.81249 -37.36178 367
-72.80448 -38.37411 367
-72.88141 -37.40671 367
-72.64584 -37.68636 367
-72.6476 -37.70208 367
-72.85639 -37.42889 367
-72.82808 -37.38239 367
-72.87122 -37.27529 367
-72.25925 -38.3562 367
-72.09546 -37.80115 367
-72.64658 -37.70194 367
-72.5186 -36.93378 367
-72.87227 -37.41888 367
-72.84442 -38.42093 367
-72.80157 -38.37791 367
-72.26048 -38.35698 367
-72.83234 -38.40976 367
-73.01413 -37.25968 367
-72.56509 -36.75689 367
-72.48784 -36.72442 367
-72.81618 -37.37055 367
-72.88288 -37.40724 367
-72.99995 -38.44417 367
-72.85784 -37.4295 367
-72.8201 -37.34959 367
-72.09578 -37.80417 367
-72.81985 -38.36152 367
-72.81632 -37.28011 367
-73.03008 -38.12476 367
-72.87138 -37.19278 367
-72.8311 -37.26968 367
-72.83528 -38.34423 367
-73.02177 -38.12215 367
-72.8159 -37.34068 367
-72.82354 -37.38808 367
-72.86057 -38.21669 367
-72.82995 -36.71933 367
-72.97701 -37.3087 367
-72.8666 -37.26101 367
-72.63027 -37.68133 367
-72.86523 -36.6622 367
-72.97781 -37.30935 367
-72.9218 -37.37435 367
-72.65406 -37.74201 367
-72.3054 -38.09126 367
-72.36649 -37.01675 367
-72.48782 -36.72831 367
-72.65427 -37.71181 367
-72.66611 -37.64739 367
-72.81236 -38.37393 367
-72.98864 -37.31283 367
-72.15297 -37.77633 367
-72.8627 -37.19678 367
-72.29776 -36.63972 367
-72.38359 -37.80662 367
-72.65787 -37.70447 367
-72.81743 -37.37145 367
-72.14707 -37.78988 367
-73.01218 -37.28974 367
-72.95245 -37.33136 367
-73.0312 -38.11039 367
-72.97636 -37.19617 367
-72.86922 -37.42554 367
-72.81703 -37.35619 367
-72.86307 -37.265 367
-72.94424 -37.34353 367
-72.52023 -36.94985 367
-73.07756 -38.38793 367
-73.0132 -38.11947 367
-72.79652 -38.42338 367
-72.94777 -37.33712 367
-72.82503 -37.38898 367
-72.3737 -37.82637 367
-72.86763 -37.42494 367
-72.94881 -37.33775 367
-72.95142 -37.33075 367
-72.86113 -36.70069 367
-72.38506 -37.80593 367
-72.3875 -37.80067 367
-72.79853 -38.41663 367
-72.56268 -36.74834 367
-72.86337 -38.21017 367
-73.00804 -38.40629 367
-72.97485 -37.20517 367
-72.94731 -37.34996 367
-72.37112 -37.01434 367
-72.38145 -37.84412 367
-72.80046 -38.40984 367
-72.8261 -37.27617 367
-72.86982 -36.61814 367
-72.64852 -37.67987 367
-72.09274 -37.81093 367
-72.82969 -38.35724 367
-72.95583 -37.32491 367
-72.65999 -37.66058 367
-72.80154 -38.4296 367
-72.29504 -38.10984 367
-72.94392 -37.32864 367
-72.15055 -37.78815 367
-72.31312 -38.09375 367
-72.87542 -36.64135 367
-72.89294 -37.39532 367
-72.12038 -37.78893 367
-73.00489 -36.96336 367
-72.36324 -37.02349 367
-72.84702 -37.29158 367
-72.38647 -37.8217 367
-72.85873 -37.26567 367
-72.81712 -37.29605 367
-72.94191 -37.35061 367
-72.25278 -38.36929 367
-72.387 -37.80007 367
-72.83022 -38.41647 367
-72.49098 -36.72153 367
-72.38046 -37.81326 367
-73.01356 -38.11486 367
-72.64084 -37.71507 367
-72.79855 -38.41391 367
-72.96535 -37.23629 367
-72.53719 -36.67047 367
-71.97237 -37.52146 367
-72.37525 -37.8257 367
-72.86103 -38.36794 367
-72.96339 -37.23726 367
-72.89462 -37.39588 367
-72.37867 -37.81915 367
-72.89594 -37.37368 367
-72.56079 -38.10485 367
-71.96465 -37.53463 367
-72.80038 -38.3802 367
-73.0298 -38.40584 367
-72.08964 -37.81767 367
-72.37717 -37.81984 367
-72.50708 -36.97663 367
-72.25391 -38.37005 367
-72.3647 -37.02785 367
-72.80003 -38.39222 367
-72.08929 -37.81464 367
-73.03017 -38.39863 367
-72.52173 -36.96586 367
-72.38706 -37.83719 367
-72.96404 -37.23275 367
-73.17985 -38.12769 367
-72.82279 -38.41698 367
-71.97372 -37.53324 367
-72.81888 -38.42765 367
-72.15128 -37.78382 367
-72.65995 -36.51452 367
-72.8306 -37.39934 367
-73.03679 -38.41536 367
-72.93225 -37.33186 367
-72.64932 -37.6799 367
-72.86824 -37.27488 367
-72.91452 -37.34709 367
-72.88012 -37.38363 367
-72.25604 -38.36275 367
-72.88193 -37.38432 367
-72.5303 -36.96384 367
-72.52415 -36.93864 367
-72.80793 -38.43442 367
-72.82742 -37.27609 367
-72.91328 -37.34855 367
-72.88389 -36.76322 367
-72.83249 -38.43486 367
-73.0004 -38.42585 367
-72.80375 -38.42569 367
-72.57234 -37.24739 367
-72.82844 -38.42328 367
-72.31664 -38.10164 367
-72.13656 -37.79651 367
-72.1499 -37.78307 367
-72.51895 -36.96796 367
-72.88224 -37.18813 367
-72.48878 -36.70911 367
-72.94726 -37.3089 367
-72.93344 -37.33051 367
-73.0062 -38.42122 367
-72.81612 -38.36773 367
-72.82806 -38.42606 367
-72.89333 -37.38039 367
-72.98731 -37.1469 367
-72.82078 -38.42373 367
-72.52345 -36.94314 367
-72.37827 -37.83547 367
-72.25723 -38.36352 367
-72.93353 -37.28494 367
-72.81144 -38.42532 367
-72.29904 -38.10446 367
-72.83652 -38.44352 367
-73.0164 -38.42665 367
-72.8133 -38.42134 367
-72.83315 -38.43212 367
-72.49165 -36.71784 367
-72.92424 -37.36759 367
-73.0171 -38.42208 367
-72.82275 -37.28268 367
-72.3088 -36.59197 367
-73.01924 -38.1093 367
-72.9441 -37.29039 367
-72.52972 -36.96846 367
-72.82121 -38.42101 367
-72.12775 -37.79924 367
-72.81506 -38.43669 367
-72.12405 -37.80861 367
-72.30671 -38.10693 367
-72.11282 -37.79348 367
-72.13881 -37.79587 367
-72.10628 -37.80164 367
-72.87146 -36.7802 367
-72.95753 -37.23679 367
-72.94672 -37.31341 367
-72.91681 -37.3625 367
-72.93146 -37.30299 367
-72.93102 -37.34854 367
-72.89879 -37.25472 367
-72.92326 -37.35847 367
-72.94719 -37.26329 367
-72.8933 -37.25426 367
-72.38315 -37.82827 367
-73.11002 -38.40528 367
-72.86999 -37.41772 367
-73.02145 -38.42705 367
-72.9364 -37.30797 367
-72.09523 -37.805 367
-72.9298 -37.3499 367
-72.89157 -37.34222 367
-72.94126 -37.22636 367
-72.88319 -37.32159 367
-72.5122 -36.97854 367
-72.93036 -37.34538 367
-72.99413 -37.13833 367
-72.86457 -37.4218 367
-72.88385 -37.3171 367
-72.83593 -37.34689 367
-72.3798 -37.83484 367
-72.93771 -37.3323 367
-72.92667 -37.33904 367
-72.91611 -37.367 367
-72.9115 -37.28308 367
-72.96255 -37.24176 367
-72.91265 -37.27408 367
-72.11801 -37.79395 367
-72.8996 -37.36563 367
-72.90485 -37.29162 367
-72.96088 -37.25074 367
-72.96399 -37.26469 367
-72.88928 -37.39663 367
-72.82015 -37.28944 367
-72.95931 -37.25974 367
-72.88098 -37.40957 367
-72.90993 -37.37104 367
-72.1157 -37.79472 367
-72.99553 -37.13709 367
-72.9697 -37.26059 367
-72.96016 -37.25525 367
-72.91495 -37.29703 367
-72.90489 -37.24614 367
-72.94947 -37.29084 367
-72.88971 -37.31306 367
-72.5244 -36.96633 367
-73.00036 -37.13751 367
-72.97466 -37.26101 367
-72.83491 -38.42825 367
-72.95232 -37.26828 367
-72.91558 -37.29253 367
-73.00608 -37.13344 367
-72.99915 -37.13874 367
-72.95789 -37.24475 367
-72.96323 -37.26919 367
-72.96899 -37.2651 367
-73.00488 -37.13465 367
-72.86594 -37.40374 367
-72.93438 -37.23035 367
-72.82845 -38.43479 367
-72.87554 -37.4091 367
-72.88895 -37.31754 367
-72.89326 -37.36966 367
-72.84814 -37.27764 367
-72.97042 -37.25609 367
-72.95483 -37.2913 367
-72.97395 -37.26551 367
-72.96472 -37.26019 367
-72.95315 -37.30484 367
-72.83246 -38.44888 367
-72.94004 -37.32196 367
-73.02221 -38.42247 367
-73.00407 -37.13914 367
-72.89894 -37.37012 367
-72.95723 -37.27325 367
-72.52382 -36.97072 367
-72.87617 -37.37277 367
-72.95846 -37.30529 367
-72.69036 -36.4926 367
-72.85043 -36.64871 367
-72.52604 -36.55844 367
-72.82523 -37.30748 367
-72.86653 -37.38001 367
-72.65534 -37.68942 367
-72.89591 -37.38808 367
-72.98415 -37.23439 367
-72.37278 -37.03049 367
-72.87682 -36.61017 367
-72.85662 -36.63742 367
-72.97156 -37.3475 367
-73.03078 -37.27309 367
-72.88104 -37.37773 367
-72.53339 -36.66698 367
-72.88373 -37.39615 367
-73.03455 -38.41416 367
-73.00331 -37.22587 367
-72.82063 -38.3867 367
-72.54247 -37.01195 367
-72.65736 -37.70893 367
-72.65417 -37.68922 367
-72.82693 -37.33029 367
-72.82613 -37.32778 367
-72.82173 -36.70083 367
-72.8709 -36.78466 367
-72.85893 -38.3665 367
-72.83823 -37.27242 367
-72.81061 -36.73751 367
-72.84853 -38.3706 367
-72.99615 -37.23439 367
-73.00056 -37.27229 367
-72.82191 -38.38433 367
-72.82485 -36.70855 367
-72.38631 -37.80946 367
-72.40059 -37.81099 367
-72.96114 -37.34789 367
-73.00077 -37.12975 367
-72.942 -37.3495 367
-73.00898 -37.29128 367
-72.99515 -37.26727 367
-72.89349 -36.47936 367
-72.82723 -36.72662 367
-72.88511 -36.62607 367
-72.96974 -37.20473 367
-72.86714 -37.3455 367
-72.9621 -37.33884 367
-72.94202 -37.34177 367
-72.8869 -37.41007 367
-73.01062 -37.28226 367
-72.65903 -37.73871 367
-72.97169 -37.19121 367
-72.86253 -36.79526 367
-72.49892 -36.72462 367
-72.97116 -37.23223 367
-72.94078 -37.35079 367
-72.81777 -36.72593 367
-72.92032 -37.37646 367
-72.30947 -36.59938 367
-72.86805 -37.22981 367
-72.85409 -37.25554 367
-73.01427 -37.13998 367
-72.86532 -37.23711 367
-73.02647 -38.42744 367
-72.38317 -37.81744 367
-72.87601 -36.60685 367
-72.8261 -38.41624 367
-72.37669 -37.82579 367
-72.88345 -36.70063 367
-72.85525 -38.36746 367
-72.87287 -37.24971 367
-72.52399 -36.55843 367
-72.86234 -37.22901 367
-72.65382 -37.73828 367
-72.86886 -37.23313 367
-72.5128 -36.97416 367
-73.00063 -37.23116 367
-72.15756 -37.8995 367
-72.82539 -36.70409 367
-72.95232 -37.34261 367
-72.38102 -37.80899 367
-72.56601 -36.74598 367
-73.00254 -37.23038 367
-72.99263 -37.22495 367
-73.02604 -38.43205 367
-72.86401 -37.4263 367
-72.97377 -37.23811 367
-72.97501 -37.22908 367
-72.97611 -37.23266 367
-72.96896 -37.33358 367
-72.8694 -37.42677 367
-72.82073 -37.33427 367
-72.47315 -36.65606 367
-73.02573 -38.40929 367
-72.92826 -37.36344 367
-72.96991 -37.22867 367
-72.52041 -36.56234 367
-72.81755 -38.42931 367
-72.65465 -37.74028 367
-72.97793 -37.27497 367
-72.97179 -37.22772 367
-72.96933 -37.23318 367
-72.86679 -36.76738 367
-72.86876 -37.35213 367
-72.92757 -37.36794 367
-72.97028 -37.32913 367
-72.95029 -37.32741 367
-72.82375 -37.31641 367
-72.3857 -37.81386 367
-72.65865 -37.74319 367
-72.97924 -37.23399 367
-72.37785 -37.81699 367
-73.00414 -37.22137 367
-72.89722 -36.49319 367
-73.00078 -37.21195 367
-73.01659 -38.44435 367
-72.84372 -36.66557 367
-72.14982 -37.79248 367
-72.97938 -37.21012 367
-72.82147 -36.78929 367
-73.01037 -37.13053 367
-72.87077 -37.22251 367
-72.39067 -37.83072 367
-72.97295 -37.27456 367
-72.81963 -36.7081 367
-72.53693 -36.663 367
-72.82942 -37.39153 367
-72.81922 -37.33628 367
-72.87159 -37.22582 367
-72.47173 -36.65237 367
-72.97469 -37.24166 367
-72.82803 -36.72994 367
-73.00114 -37.13301 367
-72.9809 -37.28892 367
-72.08176 -37.80931 367
-73.01142 -37.12934 367
-72.87761 -36.61348 367
-72.87367 -37.25303 367
-73.02068 -37.1268 367
-72.96213 -37.27822 367
-72.8644 -37.22742 367
-73.00539 -37.24068 367
-73.03248 -38.42328 367
-72.95621 -37.32335 367
-72.50818 -36.96929 367
-72.98164 -37.28442 367
-72.98171 -37.22858 367
-72.81609 -36.73929 367
-72.53961 -36.6557 367
-72.96451 -37.29668 367
-72.99589 -37.26276 367
-72.86966 -37.23644 367
-73.00555 -38.42581 367
-72.38861 -37.83194 367
-72.98461 -37.21057 367
-72.97047 -37.29261 367
-72.3786 -37.82658 367
-72.94434 -37.33146 367
-72.85985 -37.25173 367
-72.9994 -38.42995 367
-73.01214 -38.44503 367
-72.84858 -37.25508 367
-72.8727 -37.21188 367
-72.38036 -37.81338 367
-72.39218 -37.83155 367
-72.82745 -37.36415 367
-72.98329 -37.27085 367
-72.97602 -37.28851 367
-72.97471 -37.29753 367
-72.37725 -37.82139 367
-72.98003 -37.22949 367
-72.53611 -36.65968 367
-72.87577 -38.22184 367
-72.8838 -36.60219 367
-73.00966 -37.28676 367
-72.9824 -37.27991 367
-72.56244 -36.65041 367
-72.38667 -37.83109 367
-72.88191 -36.61281 367
-73.02267 -38.45033 367
-72.51159 -36.98292 367
-72.38722 -37.82668 367
-72.84682 -37.264 367
-73.00368 -38.43956 367
-72.9829 -37.27539 367
-72.84283 -38.37561 367
-72.98853 -37.27129 367
-72.99289 -37.24424 367
-72.65038 -37.72186 367
-73.00014 -37.24846 367
-72.9569 -37.31885 367
-73.02289 -37.12119 367
-72.49403 -36.72417 367
-72.94855 -37.33318 367
-72.37975 -37.81778 367
-72.51469 -36.98289 367
-72.98393 -37.26634 367
-72.94968 -37.33192 367
-72.99247 -37.31732 367
-72.97678 -37.28401 367
-72.94383 -37.33598 367
-72.38328 -37.83145 367
-72.89819 -37.37461 367
-72.82643 -37.37313 367
-73.005 -38.43039 367
-72.81991 -36.75185 367
-72.96626 -37.19075 367
-72.98915 -37.21552 367
-72.96902 -37.30162 367
-72.53721 -36.64575 367
-72.99007 -37.26228 367
-73.0104 -37.13838 367
-72.89548 -37.39259 367
-72.98665 -37.28484 367
-72.9211 -37.37197 367
-72.98033 -37.29345 367
-72.87675 -37.22846 367
-72.9754 -37.29303 367
-72.97395 -37.30204 367
-72.88628 -37.37817 367
-72.9775 -37.27951 367
-72.8724 -37.22913 367
-71.93133 -37.00462 367
-72.8874 -37.40557 367
-72.94491 -37.32694 367
-72.90372 -37.37508 367
-72.87981 -37.38672 367
-72.94267 -37.33726 367
-72.99406 -37.24792 367
-72.87127 -37.24308 367
-72.99146 -37.28981 367
-72.87207 -37.24639 367
-72.9884 -37.2393 367
-73.57581 -37.17978 367
-72.97031 -37.20022 367
-72.95803 -37.30981 367
-72.88046 -37.38223 367
-73.00338 -37.14366 367
-72.95547 -37.32785 367
-72.38912 -37.82753 367
-72.82009 -36.70364 367
-72.54277 -36.64861 367
-72.97964 -37.29795 367
-72.874 -37.23577 367
-72.98386 -37.30288 367
-73.0236 -38.44577 367
-72.99658 -37.25824 367
-72.82331 -38.42978 367
-73.02478 -38.44122 367
-73.00459 -37.14244 367
-72.96853 -37.30614 367
-72.99471 -37.2434 367
-72.98798 -37.27581 367
-73.02021 -37.13133 367
-72.94325 -37.34049 367
-72.9874 -37.28033 367
-73.01597 -37.1343 367
-72.95753 -37.31434 367
-72.86981 -37.42226 367
-72.83879 -38.4448 367
-72.97552 -37.20269 356.72
-72.97239 -37.20193 356.29
-72.982 -37.20496 356.33
-72.9953 -37.24676 356.26
-73.00582 -37.24258 356.46
-73.00981 -37.24378 356.17
-73.0012 -37.2486 356.4
-72.99731 -37.24739 356.12
-72.98908 -37.18457 356.49
-72.97812 -37.19597 356.62
-73.01156 -37.24441 356.45
-72.97548 -37.19536 356.25
-73.01606 -37.24574 356.14
-73.00295 -37.2492 356.09
-72.98018 -37.18908 356.95
-73.02913 -37.21978 356.33
-72.9844 -37.19817 356.33
-72.98693 -37.19881 356.63
-72.99209 -37.18535 356.63
-73.02409 -37.1881 356.26
-73.00716 -37.25047 356.26
-72.999 -37.18771 356.58
-73.02264 -37.21782 356.72
-73.00746 -37.1225 356.36
-72.99504 -37.20142 356.62
-72.98643 -37.19128 356.15
-73.00904 -37.12299 356.49
-72.99275 -37.2008 356.25
-73.02 -37.12649 356.48
-73.00936 -37.25123 356.12
-73.02412 -37.24826 356.17
-73.02034 -37.21702 356.29
-73.01474 -37.25284 356.4
-73.01062 -37.13859 356.19
-73.01983 -37.19429 356.58
-73.00944 -37.13819 356.29
-73.01134 -37.22171 356.43
-73.02361 -37.19552 356.73
-72.98917 -37.19197 356.97
-73.04129 -37.24614 356.28
-73.0003 -37.20319 356.33
-73.01511 -37.2154 356.66
-73.03106 -37.19783 356.49
-73.00246 -37.2038 356.63
-73.00611 -37.21254 356.29
-73.01302 -37.21471 356.33
-73.00813 -37.20565 356.25
-73.01043 -37.20636 356.62
-73.01685 -37.2084 356.33
-73.01043 -37.31885 355.02
-72.63531 -36.56914 325.17
-73.01669 -37.3148 355.06
-72.52953 -36.57818 325.12
-72.88542 -36.76672 327.79
-73.01945 -37.29673 356.04
-72.87681 -36.76396 330.02
-73.00655 -37.30479 355.57
-72.69589 -36.56879 331.16
-72.77712 -38.36529 331.15
-72.90828 -36.7382 331.06
-73.03262 -38.14025 332.79
-72.21797 -37.87454 331.03
-72.82021 -38.40137 332.33
-72.57388 -36.64702 331.34
-72.67596 -36.50545 330.17
-72.86366 -37.401 331.17
-72.54263 -36.73837 333.11
-72.56137 -36.65918 332.46
-72.58507 -36.75995 330.55
-73.00906 -37.23095 355.8
-72.68768 -36.49757 330.63
-71.98446 -37.53326 333.55
-72.56455 -36.76107 333
-72.11952 -37.81188 332.03
-73.00967 -38.45069 334.65
-72.82659 -36.7402 333.79
-72.83906 -37.4309 331.34
-72.40991 -37.82269 332.86
-72.31602 -36.62479 331.81
-72.54338 -36.66214 333.99
-72.41116 -37.82209 332.12
-72.66528 -37.7367 336.62
-72.90361 -36.73329 332.94
-72.64198 -37.71211 336.7
-72.31256 -36.62874 335.58
-72.30772 -36.62204 332.29
-73.00155 -37.26779 355.09
-72.21352 -37.87811 336.68
-72.81108 -37.27141 333.18
-72.66499 -37.74571 333.7
-72.52812 -36.56763 335.68
-72.84653 -36.80506 336.27
-72.54415 -36.66646 336.46
-72.80083 -38.43216 356.1
-72.35863 -37.80496 333.85
-72.50941 -36.94941 336.93
-72.8301 -38.45624 337.77
-72.40503 -37.83538 336.73
-72.50556 -36.9994 338.23
-73.00515 -37.24523 355.66
-72.52668 -36.58077 335.55
-73.01543 -37.28724 355.9
-72.13311 -37.80082 335.92
-73.01476 -37.29176 355.12
-72.96043 -37.23129 355.99
-72.39905 -37.79518 207.93
-72.98444 -36.97141 304.04
-72.84206 -38.4267 336.59
-73.01521 -38.43583 338.5
-73.03376 -37.26653 283.97
-72.41488 -36.83213 339.32
-72.68303 -37.66047 339.67
-73.02794 -37.20054 340.92
-72.87955 -36.5933 342.63
-71.31993 -37.87224 338.47
-72.94774 -37.30438 355.11
-72.51161 -37.00483 342.43
-72.835 -36.79747 339.81
-72.95821 -37.23228 356.64
-72.81932 -36.75758 339.5
-73.11443 -38.40264 310.44
-72.86382 -38.33852 342.32
-72.82552 -38.38334 343.45
-72.20236 -37.24845 343.74
-73.031 -38.40461 339.97
-72.32399 -38.22937 341.95
-72.99171 -37.32182 307.85
-72.84257 -37.43514 341.02
-73.00963 -37.25474 355.78
-72.93746 -37.29895 355.67
-73.02809 -38.45076 309.36
-73.04588 -38.11499 266.39
-72.99061 -36.96665 207.93
-72.92554 -37.34806 355.53
-72.80553 -36.72824 304.12
-72.64389 -36.5382 340.77
-72.84007 -38.43572 341.86
-72.80218 -36.73486 313.23
-72.87675 -36.78066 311.23
-72.14526 -37.91158 344.49
-72.6599 -37.68332 308.8
-72.83161 -37.28503 305.67
-72.92731 -37.28897 356
-72.95179 -37.2728 355.36
-72.66499 -36.47363 343.13
-72.94183 -37.30843 355.59
-72.92676 -37.33142 355.88
-72.96455 -37.24078 355.73
-72.9316 -37.34403 355.27
-72.5172 -36.56638 285.3
-72.95547 -37.28679 355.35
-73.01219 -38.44949 346.49
-72.83875 -37.28598 347.46
-72.95485 -37.25025 355.17
-72.3978 -37.7959 207.93
-72.13228 -37.80405 312.66
-72.80956 -38.39054 264.3
-73.04228 -38.12122 207.93
-72.65868 -37.68308 281.41
-72.40774 -37.81332 268.93
-72.39421 -37.83244 316.95
-72.79834 -36.75417 293.64
-72.86359 -38.35322 304.38
-72.92735 -37.33454 355.08
-72.92166 -37.28849 355.28
-72.81047 -38.38811 207.93
-72.14542 -37.92573 346.51
-72.53999 -36.96774 345.12
-72.86739 -37.20953 348.6
-73.01318 -38.44494 346.2
-72.91024 -37.29208 356.35
-72.37474 -37.0194 252.88
-71.98037 -37.52408 315.31
-72.84824 -38.34835 290.02
-72.88828 -37.40109 355.23
-72.9353 -37.35034 356.41
-72.58094 -36.74641 207.93
-72.85854 -36.79711 350.43
-72.64644 -37.72444 207.93
-72.92927 -37.35441 356.25
-73.04858 -37.26373 207.93
-72.84364 -38.42366 223.2
-72.8826 -37.40061 355.94
-72.16082 -37.77889 307.28
-72.82777 -37.405 348.92
-72.87518 -37.41817 355.42
-72.95421 -37.2958 355.94
-72.93885 -37.33098 355.25
-72.97756 -37.22366 355.01
-72.9845 -37.14069 350.94
-72.96548 -37.25568 355.55
-72.57608 -36.75703 207.93
-72.84574 -37.27298 351.2
-73.03516 -38.4147 309.39
-72.52265 -36.9795 349.79
-72.80805 -38.41227 309.47
-72.83028 -37.28506 207.93
-72.49512 -36.71101 319.51
-72.83713 -38.37437 295.6
-72.81776 -38.37838 310.39
-73.00527 -37.2169 304.82
-72.80539 -36.72566 207.93
-72.12913 -37.79058 352.2
-73.0241 -38.10347 322.33
-73.11508 -38.40358 207.93
-72.52078 -36.58467 321.69
-72.83575 -37.27878 271.48
-72.38883 -37.84647 318.55
-72.47464 -36.6556 315.57
-72.86543 -37.40824 355.1
-72.89049 -37.38762 356.19
-72.96891 -37.24572 355.98
-72.96622 -37.25118 356.53
-72.86924 -38.36239 324.05
-73.11225 -38.40616 311.18
-72.86167 -38.36 322.18
-72.89466 -36.48119 291.21
-72.31398 -36.62744 353.12
-72.90852 -37.38004 355.51
-72.95366 -37.30032 355.42
-72.90294 -37.37956 355.35
-72.96749 -37.27867 355.73
-72.95166 -38.26944 367
-72.95129 -37.27731 354.69
-71.97408 -37.53281 367
-72.9883 -37.22002 353
-72.95889 -37.30076 355.46
-72.87346 -37.39074 367
-72.81559 -38.41468 367
-72.85858 -37.42583 350.71
-72.83321 -37.36464 367
-72.94236 -37.30392 353.11
-72.98285 -37.24342 353.27
-72.87905 -37.39121 355.01
-72.51343 -36.99166 367
-72.31693 -36.60583 352.16
-72.82455 -37.31195 367
-72.51682 -36.9834 367
-72.94136 -37.34628 367
-72.39755 -37.81765 367
-72.90214 -37.38405 353.82
-72.96371 -37.24527 354.02
-72.86192 -37.23351 367
-72.14813 -37.90837 367
-73.02607 -37.13181 367
-72.86821 -37.20507 367
-72.93693 -37.30346 367
-72.98061 -37.25694 354.11
-72.96699 -37.24668 355.27
-72.86294 -37.22453 367
-72.49428 -36.70697 367
-72.63857 -36.53772 367
-72.96602 -37.28767 355.1
-72.83302 -38.44434 350.49
-72.92186 -37.36747 367
-72.98392 -37.21507 367
-72.96075 -37.28723 353.78
-72.97635 -37.25201 367
-72.98946 -37.24295 352.37
-73.0191 -37.19065 367
-72.83364 -37.28554 367
-72.51348 -37.00196 367
-72.87047 -37.40866 355.99
-72.8752 -37.1966 367
-72.97063 -37.23675 367
-72.827 -37.29404 367
-72.97437 -37.23359 367
-72.64973 -37.73083 351.43
-73.0028 -37.14817 367
-72.51746 -37.00089 367
-72.66003 -37.74076 367
-72.99358 -37.22047 367
-72.31759 -36.60152 354.48
-72.82149 -37.32981 367
-72.97797 -37.24302 350.7
-72.38197 -37.82624 367
-72.97394 -37.24617 351.48
-72.88448 -37.39167 367
-73.02666 -38.40473 367
-72.98917 -37.2348 367
-72.8737 -37.27534 367
-72.97964 -37.26142 353.18
-72.871 -37.40416 355.83
-72.9791 -37.24661 353.13
-72.46958 -36.65512 367
-73.00567 -37.13015 367
-72.39928 -37.81165 367
-72.14715 -37.89855 367
-73.10825 -38.40214 367
-72.93941 -37.32647 353.65
-72.49461 -36.70654 367
-72.31458 -36.62312 367
-73.04266 -37.26184 367
-72.86909 -37.20061 367
-72.87495 -37.38176 353.07
-72.08698 -37.80976 367
-72.97122 -37.25159 350.52
-72.98585 -37.25736 367
-72.52545 -36.56281 367
-72.94259 -37.34499 367
-72.39272 -37.82482 350.76
-72.5798 -36.75047 367
-72.87424 -37.38625 353.57
-72.54874 -36.64473 367
-72.51339 -36.96976 367
-72.87968 -36.46632 367
-72.38785 -37.82228 367
-72.82213 -38.43886 367
-72.96829 -37.26961 355.46
-73.19671 -38.11106 367
-72.15573 -37.78863 367
-72.99998 -37.13424 353.17
-72.96146 -37.28272 354.56
-72.894 -37.18459 367
-73.00716 -38.4491 367
-73.03351 -38.41872 367
-72.97881 -37.21463 367
-71.97363 -37.53711 367
-72.0915 -37.81454 367
-72.39417 -37.8242 367
-71.90001 -37.10407 352.54
-72.98318 -37.21957 367
-72.80682 -36.75689 367
-72.97262 -37.2791 350.71
-72.93476 -37.35486 367
-72.97298 -37.24261 367
-72.96523 -37.29218 351.72
-73.18922 -38.13598 367
-72.82301 -36.72639 367
-72.97385 -37.21421 367
-72.94824 -37.29986 367
-72.96162 -37.24624 351.75
-72.85145 -38.34197 367
-72.82589 -37.303 367
-72.99104 -37.25779 351.15
-72.51686 -37.00528 367
-72.82005 -37.33875 367
-72.82291 -37.32087 367
-72.9988 -37.22092 367
-72.88156 -37.37322 353.91
-72.94315 -37.33274 367
-73.02926 -38.41375 367
-72.8756 -37.37727 356.19
-72.81998 -37.33181 367
-72.90144 -37.38855 367
-72.96001 -37.29173 367
-72.93723 -37.33682 367
-72.39748 -37.83293 367
-72.95153 -37.31839 367
-72.98721 -37.24834 351.8
-72.98773 -37.24382 353.42
-72.9668 -37.28318 354.06
-72.9789 -37.26593 353.56
-72.89253 -37.37414 351.45
-72.39602 -37.80184 367
-72.52962 -36.9668 367
-72.83427 -38.43525 367
-72.95089 -37.3229 367
-72.67223 -37.65712 367
-72.83943 -37.27237 367
-73.191 -38.11657 367
-72.82726 -38.44387 367
-72.51552 -36.58421 367
-72.82265 -38.36979 367
-72.84218 -38.42758 367
-73.02201 -37.12568 367
-72.91547 -37.3715 351.86
-72.81012 -36.78867 367
-73.00673 -37.12893 367
-72.83921 -37.28148 367
-73.04688 -37.26287 367
-73.01098 -37.13387 367
-72.97828 -37.27044 367
-72.86216 -37.20908 367
-72.67299 -37.65722 367
-72.52343 -36.5628 367
-72.88513 -37.38717 367
-72.99952 -37.142 350.99
-72.83321 -37.29004 367
-72.88995 -37.39213 352.87
-72.95609 -37.28228 367
-72.39468 -37.80254 367
-72.89661 -37.38359 355.04
-72.97682 -37.22815 367
-72.87497 -38.22637 367
-72.964 -37.3012 352.36
-73.01517 -37.13092 367
-72.98473 -37.26184 367
-73.00789 -37.14859 367
-72.82571 -36.67419 367
-72.9567 -37.27777 367
-72.36792 -37.0211 367
-72.99821 -37.14323 367
-72.88684 -37.37367 353.52
-73.03433 -38.11873 367
-72.97116 -37.28811 367
-72.94551 -37.32243 367
-72.80286 -36.78635 367
-72.95934 -37.29624 367
-72.9698 -37.24124 367
-72.90925 -37.37554 367
-72.93777 -37.34001 367
-72.98835 -37.30783 367
-72.90447 -37.37058 367
-72.89181 -37.37864 367
-73.02517 -38.40879 367
-72.80807 -38.37997 367
-72.98595 -37.28934 367
-72.96262 -37.2737 367
-72.09734 -37.81067 367
-73.00984 -37.13505 367
-72.39603 -37.83351 367
-72.81893 -38.37601 367
-72.82089 -37.36498 367
-72.96974 -37.29712 367
-72.49545 -36.71517 367
-73.03461 -38.11422 367
-72.89487 -37.3971 367
-73.04218 -38.11663 367
-72.97329 -37.27002 367
-72.8226 -37.35746 367
-73.02823 -38.41831 367
-73.01621 -37.12975 367
-72.99231 -37.24876 367
-72.99586 -37.29932 367
-72.98911 -37.30332 367
-72.96786 -37.27414 367
-73.02881 -38.41882 367
-72.99075 -37.20653 367
-72.99184 -37.25328 367
-72.81967 -37.36409 367
-72.99786 -37.22541 367
-72.98889 -37.24747 367
-72.82391 -37.35837 367
-72.97421 -37.33403 367
-72.96357 -37.30573 367
-72.82436 -36.71301 367
-72.37143 -37.02612 367
-73.03847 -38.11267 367
-72.96772 -37.33474 367
-72.66004 -37.73624 367
-72.99509 -37.23071 367
-72.84448 -38.36193 367
-72.97192 -37.2836 367
-72.9859 -37.23351 367
-72.56959 -36.75055 367
-73.00462 -37.28176 367
-72.49704 -36.71177 367
-72.95278 -38.26492 367
-72.57693 -36.75289 367
-72.84638 -38.35514 367
-72.97283 -37.33515 367
-72.99691 -37.22989 367
-72.97202 -37.34298 367
-72.87331 -38.34893 367
-72.8297 -38.37203 367
-72.87038 -38.34061 367
-72.83936 -38.44026 367
-72.98996 -37.2303 367
-72.98673 -37.3214 367
-72.97285 -37.33848 367
-72.65903 -37.7342 367
-71.93629 -37.00508 367
-72.86595 -38.34659 367
-73.02138 -37.1302 367
-73.01337 -37.14448 367
-72.94735 -37.3422 367
-72.96414 -37.33316 367
-72.97323 -37.21872 367
-72.40099 -37.82642 367
-72.98469 -37.29838 367
-73.01466 -37.14332 367
-73.01508 -37.25518 367
-72.98925 -37.26678 367
-72.82688 -37.35174 367
-72.97092 -37.34413 367
-72.65205 -37.71299 367
-73.00078 -37.24394 367
-72.80286 -38.3884 367
-72.99863 -37.2447 367
-72.95403 -37.33686 367
-73.00916 -37.13956 367
-72.96675 -37.34709 367
-72.85478 -37.25106 367
-72.98669 -37.22901 367
-72.96616 -37.34374 367
-73.01555 -37.13884 367
-72.95759 -37.33847 367
-72.98094 -37.23307 367
-72.83112 -38.42123 367
-72.97168 -37.33963 367
-72.96313 -37.33764 367
-72.9917 -37.22944 367
-73.00235 -37.2953 367
-72.98996 -37.21103 367
-72.98777 -37.31235 367
-73.0201 -37.13589 367
-72.99986 -37.23566 367
-72.9979 -37.24921 367
-72.95295 -37.3381 367
-72.96716 -37.34256 367
-72.96535 -37.3287 367
-72.82498 -36.67862 367
-72.98331 -37.3074 367
-72.37916 -37.82217 367
-72.5741 -36.74422 367
-72.97561 -37.32959 367
-72.99348 -37.27627 367
-73.02122 -37.13476 367
-72.65475 -37.73578 367
-72.99004 -37.29883 367
-72.99435 -37.27177 367
-72.99432 -37.23522 367
-72.96297 -37.33435 367
-72.95364 -37.33359 367
-72.84756 -37.25953 367
-73.00836 -37.14407 367
-72.97839 -37.30698 367
-72.81721 -36.73038 367
-72.82513 -38.42075 367
-73.00385 -37.28627 367
-72.99923 -37.24018 367
-72.97887 -37.30245 367
-72.9994 -37.27676 367
-72.96674 -37.33922 367
-72.99718 -37.25372 367
-73.08199 -38.3907 367
-72.99974 -37.21643 367
-72.96217 -37.3193 367
-72.98495 -37.22989 367
-72.95834 -37.33397 367
-72.94849 -37.34094 367
-72.65384 -37.73378 367
-72.95473 -37.33236 367
-72.9853 -37.20606 367
-72.99017 -37.23844 367
-72.97324 -37.31112 367
-73.0031 -37.29078 367
-72.94797 -37.33769 367
-72.96779 -37.33805 367
-72.82996 -38.42572 367
-72.99443 -37.21597 367
-72.96735 -37.31974 367
-72.96644 -37.32423 367
-72.80685 -38.38227 367
-72.97346 -37.30656 367
-72.65474 -37.72675 367
-72.9491 -37.33643 367
-72.99726 -37.29029 367
-72.57268 -36.74815 367
-72.96042 -37.32828 367
-72.96275 -37.31478 367
-72.99275 -37.28078 367
-72.97548 -37.20066 367
-72.8166 -36.73483 367
-72.39965 -37.82703 367
-72.95944 -37.33276 367
-72.97146 -37.32466 367
-72.65468 -37.73126 367
-72.54762 -36.64906 367
-72.97655 -37.3251 367
-73.00123 -37.23941 367
-72.99529 -37.21148 367
-73.00958 -37.14288 367
-72.98724 -37.31688 367
-72.80411 -38.38611 367
-72.96519 -37.21474 341.37
-72.96863 -37.20828 348.82
-72.97433 -37.21761 342.64
-72.97126 -37.20888 346.15
-72.34306 -38.26962 304.43
-72.9785 -37.21139 344.79
-72.34544 -38.27965 303.57
-73.00726 -37.23547 346.04
-73.00922 -37.23613 347.14
-72.98501 -37.22839 344.79
-72.34019 -38.27696 298.1
-73.01376 -37.2375 349.48
-72.9894 -37.23739 351.2
-72.99242 -37.2383 352.17
-72.99534 -37.23169 346.89
-73.04686 -37.29444 346.24
-72.9979 -37.24005 352.41
-73.00407 -37.24198 354.79
-72.98202 -37.23498 353.69
-72.98402 -37.17543 341.25
-72.99995 -37.2407 354.05
-73.01565 -37.23818 351.08
-72.98757 -37.21424 347
-73.01164 -37.18417 347.49
-73.0146 -37.23026 339.27
-72.97834 -37.23393 351.92
-72.98449 -37.20558 353.34
-72.31805 -38.10468 297.19
-72.16914 -38.44525 297.56
-73.0199 -37.23943 348.66
-72.31726 -38.10133 302.45
-72.30244 -38.47772 299.05
-72.34465 -38.2763 321.52
-72.99139 -37.125 329.56
-73.00886 -37.22845 351.46
-72.98069 -37.18192 350.84
-72.30489 -38.47837 299.28
-73.02171 -37.24011 347.54
-72.99448 -37.22394 346.13
-73.00186 -37.12828 334.14
-72.99033 -37.215 348.39
-73.36944 -38.05984 305.45
-72.99615 -37.11887 339
-72.97625 -37.17297 339.96
-72.97775 -37.18854 355.69
-72.99023 -37.20754 353.67
-72.99483 -37.11854 336.36
-72.98298 -37.18242 352.9
-72.94204 -37.19236 339.3
-72.97249 -37.1866 353.06
-72.95411 -37.18825 345.7
-72.31488 -38.09131 297.84
-73.00313 -37.22665 349.9
-72.96175 -37.19071 352.92
-73.02612 -37.24138 344.09
-73.00516 -37.22729 351.13
-72.31567 -38.09465 315.66
-72.30164 -38.47437 310.09
-72.96719 -37.19274 355.54
-72.99734 -37.22479 347.33
-72.30836 -38.10265 306.12
-72.31409 -38.08797 297.23
-72.9858 -37.24379 353.89
-72.98928 -37.24484 355.5
-72.30693 -38.47706 299.54
-72.97086 -37.23141 352.23
-72.99662 -37.21709 352.24
-73.02096 -37.11919 331.52
-72.30677 -38.09597 305.89
-73.0139 -37.13205 338.07
-71.31613 -37.86779 307.42
-73.04037 -37.29848 347.7
-72.95171 -37.18786 343.73
-73.03694 -37.20734 352.33
-73.02414 -37.11266 349.94
-72.97534 -37.17995 351.86
-72.97016 -37.18613 353.82
-72.99274 -37.20823 355.4
-73.02808 -37.24215 345.5
-73.1867 -38.13859 327.02
-71.9021 -37.09475 306.85
-73.03644 -37.21456 353.37
-73.01899 -37.12611 355.69
-72.98921 -37.13176 349.39
-72.97309 -37.17952 351.71
-72.31506 -38.02433 306.75
-73.02541 -37.11312 353.72
-72.96776 -37.23062 350.9
-73.0159 -38.12177 307.56
-72.37674 -38.09943 303.58
-73.02197 -38.12772 309.31
-73.02363 -38.13434 299.71
-72.38118 -38.09877 315.95
-71.90439 -37.10479 313.23
-73.01508 -37.13247 342.18
-72.95292 -38.26422 305.63
-73.03572 -37.24459 349
-73.01302 -37.22227 345.46
-73.03447 -37.20642 348.55
-72.9986 -37.1348 346.44
-73.04118 -37.29396 352.96
-72.88905 -36.48559 314.74
-72.31123 -38.09531 322.16
-72.96479 -37.18412 355.08
-73.01024 -37.1912 354.93
-73.03928 -37.20042 340.15
-73.02799 -38.45293 311.39
-71.89999 -37.10544 324.58
-71.9065 -37.0941 300.18
-72.96246 -37.1837 351.6
-73.03076 -38.12636 309.11
-72.95721 -37.18168 346.84
-73.02325 -37.13508 343.21
-72.30598 -38.09263 325.17
-72.21789 -37.8782 305.73
-73.15993 -38.04094 311.12
-73.02716 -38.44962 305.86
-72.94661 -37.18583 340.61
-73.03846 -38.13894 306.01
-73.56121 -37.17524 301.5
-73.03324 -38.13631 303.31
-73.02253 -37.13475 349.27
-73.03763 -38.13563 328.03
-72.96293 -38.29225 308.76
-71.91833 -36.99776 302.23
-72.9599 -37.22815 344.57
-73.0203 -38.12109 315.84
-72.95488 -37.1813 344.79
-72.24416 -37.72785 318.69
-72.15093 -37.92614 319.27
-72.96261 -38.26617 328.43
-73.02529 -38.14097 303.03
-72.96781 -37.17753 349.87
-72.97007 -38.28427 301.26
-72.14542 -37.90272 300.21
-73.00103 -38.41917 300.59
-72.96815 -38.2949 305.35
-73.03406 -38.13962 328.67
-72.26534 -37.88503 323.41
-72.31042 -38.09197 330.48
-72.23246 -37.73649 315.62
-73.30626 -37.26284 327.93
-72.95005 -37.28932 313.57
-72.97802 -37.24125 351.67
-73.00988 -38.41781 307.32
-73.02615 -37.12835 355.49
-72.26615 -37.88836 336.05
-73.03013 -37.21268 355.38
-72.14252 -37.91007 308.25
-73.00186 -38.42249 301.18
-72.87194 -36.50061 337.1
-72.89091 -36.68628 327.86
-73.01074 -38.42113 308.39
-73.30544 -37.25953 325.8
-72.88345 -36.46238 326.01
-72.1462 -37.90607 333.8
-72.96557 -37.17713 346.44
-72.86649 -36.78463 303.69
-72.38432 -37.82589 306.47
-73.04206 -37.28946 350.41
-72.8743 -36.47825 342
-73.58176 -37.18571 303.93
-72.93712 -36.60136 325.95
-72.95377 -38.26753 326.63
-72.87916 -36.46306 309.93
-71.89923 -37.10209 342.68
-72.88505 -36.4866 328.35
-72.97172 -38.2909 303.07
-73.03503 -37.29803 353.21
-73.58095 -37.18239 306.29
-72.38667 -37.8359 302.8
-73.02393 -37.2557 354.43
-73.00713 -38.42513 301.55
-72.14698 -37.90941 315.26
-72.96925 -38.28094 319.36
-73.02103 -38.44367 311.42
-72.47762 -36.65835 308.62
-72.073 -36.66275 302.36
-72.80395 -36.69439 337.99
-72.87543 -36.49402 353.52
-72.47684 -36.65503 338.26
-73.0291 -37.30212 355.79
-72.7663 -36.70043 336.7
-72.89771 -36.64129 303.59
-72.07629 -36.6381 305.01
-72.88434 -36.47374 326.85
-72.94966 -37.17924 341.28
-72.97255 -38.29422 328.3
-72.07986 -36.63412 307.32
-72.95462 -38.27084 304.09
-72.80437 -36.69713 352.2
-73.10715 -38.40288 303.53
-72.76927 -36.69368 328.83
-72.88378 -36.47075 328
-72.96668 -38.271 328.76
-72.69308 -36.48529 305.96
-72.51478 -36.70079 314.87
-72.94431 -37.18552 338.75
-72.87982 -36.46459 330.37
-72.95086 -37.29263 302.56
-73.00854 -38.44903 302.68
-72.82103 -36.78141 303.51
-72.96315 -38.27498 305.76
-73.02357 -38.45361 325.75
-72.50452 -36.6955 310.3
-72.89691 -36.63798 316.22
-72.07221 -36.65942 323.36
-72.81554 -36.69299 341.09
-72.51315 -36.69417 307.22
-72.69494 -36.56755 329.28
-72.89285 -36.7026 323.41
-72.86859 -36.60227 334.55
-72.38744 -37.83924 305.1
-72.7959 -36.69444 342.35
-72.90044 -36.7179 338.56
-72.87092 -36.60527 326.15
-72.96569 -38.28494 313.28
-72.52535 -36.97699 306.51
-72.87683 -36.59177 355.27
-72.68205 -36.56955 302.28
-72.88237 -36.72187 341.31
-72.96117 -37.16819 340.69
-73.01405 -38.4344 314.98
-72.48116 -36.65437 303.97
-72.14857 -37.9161 338.9
-72.8814 -36.48051 347.04
-72.79398 -36.67843 328.52
-72.89153 -36.47603 353.19
-72.68979 -36.57402 329.01
-72.52239 -36.57365 310.84
-72.883 -36.49641 348.49
-72.8737 -36.59846 336.01
-73.00496 -36.96333 325.01
-72.52654 -37.00091 308.07
-72.49744 -36.70347 313.95
-72.52575 -36.99759 321.84
-72.50997 -36.96901 305.67
-72.51234 -36.69086 307.7
-72.51037 -36.98961 303.16
-72.88985 -36.4889 328.61
-72.30904 -36.61667 307.27
-72.81226 -36.69707 352.58
-72.82614 -36.78406 329.1
-72.80497 -36.67424 333.61
-72.31458 -36.60205 306.77
-73.00769 -38.44572 303.67
-72.96485 -38.28162 320.64
-72.88851 -36.48277 348.17
-72.82116 -36.6794 350.33
-72.51745 -36.69351 313.79
-72.956 -38.28297 342.46
-72.86298 -36.78862 329.23
-72.51828 -36.69681 312.56
-72.90112 -36.72015 340.26
-72.89453 -36.65417 340.19
-72.31379 -36.59873 323.51
-72.50965 -36.69814 320.91
-72.89862 -36.47829 330.93
-72.51965 -36.58095 303.7
-72.52141 -36.99825 304.12
-72.53609 -36.57498 304
-73.006 -38.43908 305.41
-72.67261 -36.57668 304.02
-72.95819 -38.26685 331.52
-72.84216 -36.65895 303.74
-72.85422 -36.62747 308.6
-72.29729 -36.60468 307.13
-72.48963 -36.71692 309.46
-72.8148 -36.74921 304.17
-72.82934 -36.79732 326.36
-72.31301 -36.5954 311.9
-72.8881 -36.60152 313.06
-72.46309 -36.65369 304.26
-72.69387 -36.48861 345.77
-72.86662 -36.60489 304.69
-72.88094 -36.47754 353.22
-72.81696 -38.32133 341.3
-72.83523 -36.75977 305.3
-72.89204 -36.69929 328.95
-72.3147 -36.63155 308.58
-72.77436 -36.70023 343.7
-72.31769 -36.61535 329.07
-72.85222 -36.71929 309.16
-72.52514 -36.56634 309.19
-72.8948 -36.61078 341.22
-72.95904 -38.27016 316.02
-72.77463 -36.70308 343.63
-73.56969 -37.19111 327.05
-72.48154 -36.6371 306.23
-72.65659 -36.55631 306.95
-73.10361 -38.40687 341.13
-72.51662 -36.69019 310.82
-72.22076 -37.87086 350.74
-72.85693 -36.62017 304.76
-72.07625 -36.66743 328.65
-72.96841 -38.27763 337.57
-72.3792 -37.78101 340.05
-72.964 -38.2783 321.01
-72.46583 -36.64639 308.05
-72.94653 -37.29331 304.29
-72.0809 -36.65811 303.51
-72.87614 -36.72586 308.49
-72.86392 -36.61219 305.25
-72.84895 -36.76106 307.55
-72.96043 -38.2823 330.6
-72.54827 -36.65437 305.25
-72.07552 -36.63477 312.62
-72.87711 -36.59292 317.04
-72.88556 -36.48957 323.05
-72.45916 -36.67495 314.18
-72.88475 -36.48626 349.39
-72.53053 -36.63646 304.57
-72.07657 -36.65876 332.17
-72.95872 -38.27566 316.85
-72.82102 -36.73792 314.39
-72.85793 -36.68743 318.11
-72.85432 -36.74649 305.77
-72.52789 -36.55903 311.72
-73.00435 -38.43245 328.72
-72.51826 -36.94709 306.29
-72.81831 -36.74522 313.19
-72.83136 -36.68815 307.82
-72.36981 -37.77925 337.02
-72.88957 -36.47622 333.39
-72.46899 -36.65968 313.97
-72.53219 -36.55837 304.58
-72.46387 -36.65701 308.47
-72.87474 -36.75705 310.09
-72.88585 -36.71058 322.36
-72.86293 -36.74514 308.12
-72.3633 -37.7758 331.67
-72.86353 -36.71064 313.77
-72.95788 -38.27234 315.95
-73.0368 -38.13231 337.48
-72.84175 -36.73124 305.68
-72.21709 -37.87486 333.73
-72.4962 -36.67958 314.65
-72.8889 -36.60483 317.46
-72.53324 -36.97234 314.46
-72.3035 -36.63129 308.21
-72.30605 -36.63286 305.96
-72.86944 -36.71659 311.7
-72.56515 -36.48248 332.73
-72.4741 -36.66233 308.71
-72.69546 -36.49524 313.46
-72.87746 -37.35078 305.69
-72.48176 -36.72156 310.15
-73.02188 -38.44698 342.26
-72.83216 -36.69147 304.3
-72.82694 -36.78738 310.66
-72.87775 -36.73249 309.6
-72.95346 -38.27302 336.86
-72.85702 -36.73918 307.93
-72.53484 -36.63579 311.24
-72.87434 -36.68142 327.61
-72.29218 -36.60201 309.77
-73.58756 -37.18999 329.9
-72.67827 -36.49792 320.58
-72.81418 -38.32271 342.79
-72.21552 -37.86818 337.99
-72.69672 -36.51912 322.66
-72.85262 -37.42216 306.18
-72.96228 -38.27167 334.9
-72.30437 -36.59672 307.59
-72.86623 -36.70333 322.28
-72.53298 -36.56169 325.62
-72.85436 -36.78997 307.8
-72.52044 -36.58427 306.05
-72.85389 -37.24577 306.92
-72.8905 -36.61146 305.17
-72.70133 -36.50121 307.16
-72.10183 -36.68085 328.68
-72.14777 -37.91276 314.25
-72.82534 -36.78074 321.43
-72.52062 -36.99493 306.58
-72.5595 -36.48536 334.74
-72.52816 -36.6265 305.57
-72.50127 -36.68224 327.39
-72.83045 -36.78339 333.4
-72.84048 -38.32131 351.88
-72.82564 -36.72 312.06
-72.89561 -36.6141 336.97
-72.85818 -36.76873 311.98
-72.86053 -36.73519 306.25
-72.30748 -36.61002 331.01
-72.54475 -36.65835 312.68
-72.64834 -36.5404 325.89
-72.52398 -36.66499 306.58
-72.83252 -36.76708 306.41
-72.53561 -37.02018 309.65
-72.5295 -36.68823 311.79
-72.31038 -36.63221 305.97
-72.95803 -37.17475 341.11
-72.65071 -36.55035 327.35
-72.46662 -36.64971 311.82
-72.88855 -36.70328 332.22
-72.96211 -38.25333 341.11
-72.64913 -36.54372 325.58
-72.85312 -36.64141 314.75
-72.85836 -36.76303 311.6
-72.83363 -36.75314 311.39
-72.85181 -37.41885 306.52
-72.59456 -37.49611 310.46
-72.86493 -36.67945 334.39
-72.52023 -36.97433 313.19
-72.83716 -36.79266 313.56
-73.60899 -37.16571 339.09
-72.67459 -36.55695 306.07
-72.8711 -36.76671 330.73
-72.08169 -36.66144 314.36
-72.69479 -36.52974 336.57
-72.83947 -36.66625 318.49
-72.85406 -36.76371 310.69
-72.69864 -36.50851 317.34
-72.54394 -36.65504 338.02
-72.38554 -37.78431 355.46
-72.85863 -36.74581 310.56
-72.83806 -36.69742 307.49
-72.48949 -36.70814 330.48
-72.85462 -36.72924 314.67
-72.4733 -36.65901 328.47
-72.87088 -37.37934 307.1
-72.84391 -36.70338 309.54
-72.65566 -36.51519 308.23
-72.87534 -36.72255 315.27
-72.52477 -36.66831 309.15
-72.86884 -36.75109 314.77
-72.77907 -36.70947 348.91
-72.54584 -36.64442 310.82
-72.83672 -37.3502 305.87
-72.68906 -36.56158 310.99
-72.86628 -37.27826 312.21
-72.86596 -37.29552 331.04
-72.86591 -37.20261 307.37
-72.87864 -36.68074 326.45
-72.84413 -37.4179 305.51
-72.14331 -37.91341 337.88
-72.46113 -36.66432 310.9
-72.85123 -36.67816 311.08
-72.48766 -36.72754 342.76
-72.83107 -37.41993 310.84
-72.67716 -36.51184 306.2
-72.14491 -37.92011 333.74
-72.86143 -36.68344 306.64
-72.2914 -36.59869 339.91
-72.69798 -36.543 326.86
-72.0806 -36.66678 339.4
-72.8985 -36.48428 332.64
-72.67651 -36.54634 305.71
-72.68107 -36.46448 326.53
-72.83994 -37.36348 310.57
-72.94999 -38.2422 338.48
-73.57767 -37.16913 331.06
-72.83172 -36.76376 316.99
-72.84312 -36.70007 310.11
-72.69019 -36.54765 312.31
-72.22154 -37.87421 337.47
-72.8375 -37.28961 321.58
-72.31413 -36.61934 334.82
-72.85557 -37.31631 311.43
-72.51566 -36.64907 309.8
-72.53993 -36.63845 330.58
-72.83122 -37.30091 328.03
-72.85752 -36.75975 320.2
-72.83173 -37.3854 308.01
-72.86291 -37.22717 314.18
-72.69434 -36.50917 305.76
-72.85938 -37.23115 306.89
-72.85491 -37.35083 317.59
-72.8612 -37.33953 307.11
-72.87634 -37.36472 306.95
-72.68575 -36.51051 307.65
-72.86548 -37.27494 329.7
-72.86324 -37.30283 315.68
-72.83394 -36.7359 312.03
-72.86243 -37.29951 317.74
-72.15015 -37.92279 342.98
-72.85423 -37.4288 307.48
-72.83745 -36.73191 317.67
-72.69116 -36.49591 339.35
-72.52155 -36.65504 311.4
-72.89291 -36.62141 331.31
-72.86475 -37.33554 311.43
-72.84312 -37.42019 307.65
-72.85136 -37.35482 312.85
-72.86839 -37.30547 324.9
-72.65105 -36.5331 309.42
-72.94163 -36.59397 339.01
-72.84582 -36.69276 315.99
-72.84119 -37.43081 327.67
-72.85056 -37.35151 318.24
-72.88052 -36.64399 320.74
-72.47643 -36.63444 331.99
-72.87091 -36.60421 340.94
-72.88323 -36.66282 316.1
-72.86733 -36.6894 311.15
-72.85663 -37.23846 318.62
-72.87528 -37.25966 313.07
-72.87665 -37.34747 308.21
-72.86349 -37.40457 319.11
-72.87893 -36.66349 314.43
-72.8293 -37.31153 308.89
-72.68002 -36.54236 306.55
-72.8285 -37.37213 321.93
-72.84383 -37.34222 310.22
-72.85686 -37.34021 307.85
-72.67683 -36.52909 309.68
-72.69209 -36.53704 318.7
-72.86435 -37.28889 329.45
-72.85236 -37.39597 313.23
-72.67061 -36.54038 306.99
-72.6319 -36.55251 334.25
-72.82773 -36.74718 326.19
-72.69004 -36.50985 316.65
-72.85362 -36.6881 324.05
-72.93047 -36.59992 347.95
-72.85844 -37.34684 328.84
-73.5717 -37.1632 314.71
-72.83957 -37.42418 321.89
-72.88222 -36.47842 342.94
-72.52555 -36.67163 309.6
-72.55718 -36.64165 338.66
-72.83935 -36.72129 322.94
-72.83824 -36.73522 314.75
-72.84925 -37.26369 324.9
-72.67412 -36.5364 313.23
-72.84303 -37.33891 306.93
-72.68416 -36.50388 314.86
-72.72772 -37.32034 330.74
-72.59017 -37.49678 308.97
-72.83366 -37.37477 308.62
-72.84702 -37.3555 309.55
-72.52858 -36.64708 321.5
-72.85217 -37.35814 309.24
-72.67173 -36.52645 313.54
-72.84863 -37.36213 310.29
-72.87609 -37.26298 327.71
-72.6773 -36.54966 309.02
-72.85142 -36.71597 332.97
-72.87293 -37.31363 322.6
-72.6636 -36.54835 310.75
-72.84751 -37.37607 308
-72.5271 -36.55571 330.02
-72.87585 -37.34415 308.23
-72.6683 -36.57735 325.57
-72.8446 -37.28162 325.22
-73.59545 -37.18062 349.36
-72.52701 -36.64044 309.81
-72.95959 -38.27898 344.98
-72.83833 -37.35684 327.71
-72.67126 -36.50588 318.66
-72.66856 -36.51318 309.36
-72.86758 -37.30215 330.02
-73.02272 -38.45029 340.9
-73.5682 -37.16721 329.57
-72.66122 -36.5384 308.73
-72.67842 -36.53573 322.06
-72.85652 -37.35747 314.38
-72.8838 -37.22049 310.28
-72.51806 -36.65902 313.75
-72.67603 -36.52578 315.32
-72.86022 -36.75244 330.42
-72.8541 -37.34752 330.86
-72.67332 -36.53308 311.09
-72.14937 -37.91945 344.76
-72.8811 -36.48733 342.08
-72.85313 -36.66754 337.69
-72.87103 -36.72322 337.27
-72.87112 -36.64203 314.08
-72.84882 -37.39996 326
-72.31258 -36.61269 337.73
-72.85571 -37.35415 310.94
-72.85123 -37.31699 309.48
-72.86927 -37.3727 313.46
-72.84982 -36.70934 328.6
-72.87553 -37.36141 312.02
-72.86074 -37.41189 330.6
-72.83474 -36.73921 317.26
-72.83554 -36.74252 318.59
-72.84447 -37.40064 312.09
-72.69178 -36.55428 321.46
-72.54202 -36.66565 319.49
-72.67906 -36.50123 315.42
-72.84526 -37.31102 308.69
-72.88108 -37.22779 326.68
-72.49698 -36.6829 337.25
-72.84657 -37.33492 312.9
-72.84106 -37.28562 329.42
-72.84668 -37.30884 316.67
-72.87391 -37.35477 323.54
-72.38589 -37.83256 343
-73.5647 -37.17123 324.68
-72.87472 -37.35809 321.62
-72.66823 -36.53043 309.48
-72.85552 -36.67748 320.87
-72.8409 -37.3117 319.11
-72.85648 -37.29355 316.1
-72.85062 -36.71266 334.63
-72.88402 -36.64 323.72
-72.30515 -36.60004 330.22
-72.83204 -37.36814 336.88
-72.86001 -37.28956 330.47
-72.85204 -37.3203 319.46
-72.87255 -37.26696 345.35
-72.87543 -36.66748 326.83
-72.85733 -37.36079 322.43
-72.85042 -37.31367 314.56
-72.84688 -37.31766 316.08
-72.38953 -37.82856 331.1
-72.69514 -36.51249 311.75
-72.85393 -36.67085 340.21
-72.83818 -37.319 332.32
-72.67547 -36.4674 334.23
-72.85843 -36.708 334.55
-72.86372 -37.23048 324.27
-72.86623 -37.39727 316.58
-72.67118 -36.46806 344.58
-72.65692 -36.53907 317.72
-72.84461 -37.34554 312.25
-72.52586 -36.65438 319.01
-72.83899 -37.32232 335.57
-72.8393 -37.39799 312.18
-72.08649 -36.6728 333.63
-72.85638 -37.31963 330.16
-72.67207 -36.5092 314.27
-72.85149 -37.4361 327.91
-72.85572 -36.7153 330.51
-72.68034 -36.52511 316.71
-72.85909 -37.31232 336.3
-72.83204 -36.74651 330.58
-73.60213 -37.18715 355.38
-72.68669 -36.55164 319.54
-72.51195 -36.95838 346.45
-73.57315 -37.1871 329.09
-72.84091 -37.40463 310.02
-72.85476 -37.313 313.84
-72.65963 -36.53177 314.44
-72.86383 -36.69339 320.51
-72.88299 -37.21717 332.64
-72.8583 -37.30901 319.09
-72.69289 -36.54036 344.85
-72.83947 -37.3429 331.99
-72.31103 -36.60604 346.62
-72.84671 -37.37275 310.5
-72.68336 -36.50056 312
-72.87703 -36.64798 320.03
-72.87395 -36.75373 335.23
-72.87315 -36.75042 331.21
-72.66505 -36.51717 317.84
-72.85025 -37.36876 315.39
-72.88753 -36.66215 322.95
-72.85921 -37.28624 339.44
-72.85297 -37.36145 325.15
-72.8913 -36.61477 340.25
-72.84222 -37.33559 322.7
-72.50101 -36.56115 331.83
-72.69098 -36.55097 325.55
-72.87103 -37.32425 343.48
-72.86645 -37.22318 331.22
-73.10189 -38.40025 345.43
-72.92934 -36.63816 337.17
-72.84528 -37.40395 313.43
-72.88642 -36.64995 327.03
-72.88831 -36.63933 334.89
-72.86964 -36.75441 327.65
-72.86813 -36.69271 327.18
-72.88974 -36.59866 343.54
-72.89545 -36.68039 340.55
-72.3681 -37.78505 346.59
-72.89451 -36.62803 343.28
-72.53064 -36.67429 347.57
-72.86424 -37.31497 328.52
-72.55205 -36.48798 331.06
-72.88137 -37.21054 332.15
-72.85778 -37.4248 339.76
-72.8576 -37.27961 326.11
-72.54153 -36.64509 340.25
-72.85396 -37.30968 316.73
-72.84233 -37.30951 322.46
-72.85728 -37.29687 322.04
-72.84332 -37.41459 313.98
-72.84316 -37.37674 310.69
-72.84769 -37.32097 325.86
-72.85284 -37.32362 318.49
-72.86783 -36.70996 338.53
-72.85455 -37.30417 330.49
-72.89188 -36.59644 338.63
-72.84607 -37.31434 314.07
-72.83253 -37.38871 329.9
-72.87891 -36.63736 332.84
-72.9109 -36.72034 333.29
-72.07812 -36.66542 352.76
-72.85603 -36.69805 320.79
-72.85852 -36.6268 346.84
-72.8589 -37.3035 330.85
-72.85106 -37.37208 313.25
-72.3903 -37.83191 348.11
-72.8604 -37.33622 344.02
-72.68859 -36.54102 326.67
-72.88133 -36.67344 333.67
-72.89156 -36.60092 344.36
-72.84011 -37.40131 316.53
-72.79717 -36.77686 337.8
-72.84586 -37.30552 318.99
-72.5191 -36.70012 351.2
-72.84962 -36.67152 335.57
-72.86753 -36.72721 328.51
-72.5275 -36.66101 323.84
-72.84235 -37.37342 310.98
-72.86057 -37.37405 329.08
-72.85632 -36.65467 324.35
-72.84733 -37.27431 320.51
-72.83315 -36.73258 343.94
-72.88212 -36.65062 340.48
-72.83105 -36.70539 336.75
-73.60732 -37.17256 350.26
-72.7234 -36.57074 350.55
-72.88132 -36.64731 339.27
-72.87393 -36.78602 334.04
-72.53562 -36.63911 338.82
-72.85102 -37.30816 324.08
-72.68225 -36.5145 323.26
-72.68655 -36.51382 322.23
-72.88752 -36.63601 336.46
-72.92107 -36.66005 341.68
-72.85813 -37.3641 319.68
-72.85895 -37.36742 319.43
-72.87447 -37.25634 335.36
-72.83295 -36.69478 337.73
-72.68701 -36.53439 329.42
-72.88184 -36.69401 345.04
-72.21631 -37.87152 340.35
-72.84961 -37.31035 323.29
-72.83575 -37.40199 334.76
-72.98109 -37.34952 337.12
-72.84342 -36.68282 332.86
-72.87096 -36.70078 342.8
-72.85971 -37.30682 330.39
-72.4853 -36.71758 340.67
-73.56636 -37.17786 338.29
-72.85379 -37.36478 321.39
-72.85537 -37.30749 325.84
-72.88483 -36.66945 339.99
-72.86253 -36.64338 324.64
-72.14648 -37.9268 341.74
-72.52082 -36.61444 348.96
-72.65917 -36.5112 335.22
-72.99413 -37.33686 337.32
-72.88672 -36.6327 349.47
-72.65883 -36.52845 330.38
-72.77213 -36.73806 346.27
-73.56553 -37.17454 333.34
-72.88166 -36.48287 352.08
-72.89154 -36.67872 341.93
-72.52102 -36.97765 323.02
-72.86568 -36.78132 345.4
-72.52317 -36.59176 326.39
-72.52789 -36.68159 343.21
-72.54556 -36.64573 344.87
-72.8894 -36.60315 339.71
-72.8849 -37.20655 345.51
-72.81241 -36.71252 352.38
-72.83707 -37.33294 315.42
-72.84962 -37.40328 316.69
-72.85809 -37.30019 349.81
-72.52905 -36.58294 346.79
-72.84267 -37.35617 340.86
-72.85172 -37.33756 318.79
-73.57233 -37.18379 334.79
-72.69064 -36.56822 339.47
-72.8494 -37.30153 325.18
-72.86764 -36.67215 347.36
-72.85316 -37.39929 322.02
-72.88563 -36.64663 345.94
-72.87302 -36.63141 333.44
-72.85622 -37.37473 328.73
-72.83124 -36.7432 326.58
-72.83164 -36.67022 343.51
-72.89089 -36.49716 354.05
-72.86086 -37.35679 323.94
-72.88055 -37.20722 318.96
-72.8478 -37.2949 321.07
-72.88161 -36.63006 343.32
-72.68622 -36.53107 326.42
-72.83462 -37.41593 334.31
-72.83334 -37.39203 330.21
-72.84541 -37.34886 343.45
-72.83186 -36.70871 338.83
-72.87393 -38.33435 346.41
-72.86777 -37.31099 335.17
-72.85841 -37.28293 343.93
-72.89344 -36.6681 334.5
-73.04319 -37.28455 332.4
-72.85719 -37.41588 345.75
-72.86058 -36.77868 344.54
-72.79311 -36.78882 345.59
-72.50099 -36.69948 356.27
-72.88213 -36.67676 343.69
-72.84768 -37.41391 320.49
-72.87644 -36.70861 340.56
-72.79722 -36.70762 356.15
-72.8264 -36.66975 333.31
-72.85043 -37.4066 318.38
-72.83627 -37.32962 319.45
-72.93414 -36.60239 349.27
-72.83688 -37.38804 331.24
-72.69686 -36.55693 352.1
-72.6717 -36.46249 348.46
-72.85283 -37.41656 334.84
-72.87025 -37.20193 340.42
-72.83849 -37.39468 322.09
-72.86249 -36.76805 334.57
-72.65295 -36.52249 335.32
-72.88912 -36.64264 342.54
-73.56802 -37.18449 336.27
-73.05862 -37.26654 333.4
-72.86194 -37.27894 343.12
-72.84026 -37.34621 336.27
-72.83385 -37.31967 327.46
-72.30592 -36.60337 341.33
-72.6665 -37.70972 336.61
-72.52891 -36.973 341.75
-72.3851 -37.82922 343.54
-72.85991 -37.31564 339.48
-72.84204 -37.39069 320.48
-72.83637 -37.30355 337.63
-73.59982 -37.17671 343.66
-72.87244 -36.69204 336.11
-72.68304 -36.51781 330.6
-72.67679 -36.46514 344.72
-72.83798 -37.31019 335.84
-72.35872 -37.78334 336.76
-72.53018 -36.65371 340.52
-72.81691 -36.72168 351.68
-72.31336 -36.61601 333.55
-72.89969 -36.72391 343.57
-72.84071 -37.30288 336.76
-72.84687 -37.41059 321.25
-73.01828 -38.45098 343.7
-72.84859 -37.29821 326
-72.5318 -36.66035 334.06
-72.85567 -37.29023 345.23
-72.84506 -37.30221 328.8
-72.84123 -37.38737 322.72
-72.85487 -37.28691 326.03
-72.83301 -37.4093 343.57
-72.35238 -37.77989 330.27
-72.93426 -36.6431 344.61
-72.85606 -37.33689 338.58
-73.57362 -37.19828 341.3
-72.85783 -37.38136 321.98
-72.84976 -37.34819 346.21
-72.85043 -36.67484 343.8
-72.86263 -37.30834 347.61
-72.88673 -36.70671 332.94
-72.87021 -37.32093 340.12
-72.89371 -36.62472 340.12
-72.85006 -37.26701 334.51
-72.87871 -36.59955 347.49
-72.57787 -36.73767 334.49
-72.83141 -37.40266 326.51
-72.5039 -36.63711 334.11
-72.64553 -37.64862 346.36
-72.84286 -37.394 326.75
-73.59012 -37.19014 343.9
-72.64154 -37.63976 337.91
-72.85504 -37.43212 334.86
-72.67555 -36.50521 347.56
-72.65645 -36.51851 348.27
-72.88185 -36.45575 342.72
-72.83546 -37.32631 337.62
-72.87032 -36.63871 345.76
-72.53245 -36.96902 344.93
-72.83718 -37.30687 331.92
-72.82838 -37.33428 339.07
-72.72472 -36.56783 334.57
-72.88994 -36.67209 338.45
-72.85087 -37.27033 320.13
-72.66346 -36.51053 323
-72.89327 -36.65763 340.62
-72.83393 -36.72282 335.8
-72.85407 -37.2836 329.83
-72.85743 -36.802 340.94
-72.48608 -36.7209 339.04
-72.52317 -36.57697 343.41
-72.63154 -37.64375 332.83
-72.88374 -36.60267 338.36
-72.6227 -37.67889 336.69
-72.86542 -36.61913 343.21
-72.85122 -37.40992 325.74
-72.85375 -37.30086 336.01
-72.88512 -36.6522 337.82
-72.85701 -37.37804 320.3
-72.88235 -36.71457 355.24
-72.85202 -37.41324 325.24
-72.88028 -37.22448 341.46
-72.83881 -37.37742 338.56
-72.84607 -37.40727 330.57
-72.51077 -36.97233 320.04
-72.68384 -36.52113 331.47
-72.89211 -36.61809 333.2
-73.56902 -37.17052 337.61
-72.85326 -37.28028 343.11
-72.84152 -37.30619 347.17
-72.86072 -37.31896 349.75
-72.70037 -36.55294 329.94
-72.84296 -36.66672 334.77
-73.57388 -37.19359 341.11
-72.84559 -37.3867 326.46
-72.82389 -36.76843 346.11
-72.8628 -37.34617 349.67
-72.84639 -37.39001 335.24
-72.85214 -37.29422 338.62
-72.86516 -37.29221 332.31
-72.40211 -37.78852 348.58
-72.65614 -36.53575 339.65
-72.68972 -37.67024 333.75
-73.05412 -37.26549 349.05
-72.52868 -36.56235 350.45
-72.8694 -37.31762 344.37
-72.86694 -36.76171 336.75
-73.60007 -37.17914 343.22
-72.62717 -37.68792 332.42
-72.84252 -37.41127 334.61
-72.83656 -37.31237 347.53
-72.90024 -36.68534 354.52
-72.82867 -36.72237 342.66
-72.88374 -36.68338 349.74
-72.69593 -36.51581 347.44
-72.53289 -36.64641 334.47
-72.37156 -37.79512 353.65
-72.85751 -37.39862 332.4
-72.85881 -37.32958 339.65
-72.83223 -37.31304 344.6
-72.8287 -37.31702 338.55
-72.68713 -36.5722 334.99
-72.866 -36.76407 343.23
-72.88992 -36.64596 347.6
-73.56985 -37.17384 343.88
-72.87462 -36.63803 344.86
-72.89074 -36.67541 347.02
-72.83273 -37.33361 327.21
-72.82183 -36.78473 328.31
-72.87331 -36.61416 352.85
-72.65804 -36.52514 339.96
-72.14411 -37.91676 336.06
-72.8533 -37.3442 346.02
-72.8567 -37.3953 332.48
-72.53166 -36.96569 346.6
-72.52711 -36.67827 339.77
-72.54073 -36.64177 336.44
-72.85732 -37.21783 333.82
-72.84397 -37.38006 326.46
-72.64905 -37.64215 355.16
-72.3087 -36.59606 355.94
-72.63382 -37.69035 337.4
-72.66295 -36.4776 346.85
-72.88264 -36.45907 341
-72.69051 -36.53041 347.37
-72.86983 -36.59895 356.02
-72.66075 -36.51784 327.41
-73.59045 -37.1925 354.96
-73.04681 -37.27068 351.79
-72.84902 -36.70603 348.17
-72.83769 -37.39136 342.67
-72.6709 -36.46972 338
-72.73452 -36.57319 340.5
-73.16007 -38.10684 339.86
-72.84478 -37.38338 333.38
-72.81875 -38.34637 342.24
-73.59725 -37.18834 340.45
-72.86033 -36.69738 342.96
-73.56719 -37.18117 338.54
-72.85552 -36.65136 354.57
-72.82051 -36.67373 346.49
-72.84043 -37.38405 342.12
-72.97057 -37.35323 338.08
-73.57067 -37.17716 349.1
-72.86835 -37.21256 326.89
-72.48254 -36.72488 348.67
-73.0489 -37.25794 353.45
-73.03294 -37.13121 333.88
-72.64728 -36.55186 354.07
-72.49041 -36.72024 328.39
-72.87124 -36.76104 340.64
-72.69447 -36.54699 348.26
-72.88106 -36.75971 338.14
-72.68463 -36.52444 335.4
-72.86467 -37.27163 350.57
-72.83234 -36.72927 352.07
-72.87251 -36.61084 348.63
-72.63911 -37.69935 347.05
-72.83203 -37.30423 343.22
-73.02418 -37.14536 345.74
-73.57848 -37.17245 334.73
-72.83465 -37.32299 344.14
-72.66943 -36.46926 336.64
-72.86734 -37.38333 334.03
-73.09174 -38.40926 338.56
-72.86006 -37.35347 340.1
-72.51431 -36.96835 351.8
-72.5565 -36.7351 354.94
-72.83914 -37.24997 338.91
-72.86563 -36.73783 347.57
-72.3036 -36.59339 335.31
-72.63348 -36.53726 344.64
-73.16294 -38.11506 337.39
-72.85397 -37.40261 332.02
-73.17323 -38.12561 350.92
-72.50311 -36.63379 336.32
-72.64355 -37.67072 335.34
-72.84896 -37.34487 338.34
-72.47722 -36.63776 352.75
-72.85393 -36.64472 355.77
-72.84025 -37.24984 350.72
-72.856 -37.27298 352.94
-72.6913 -36.53372 352.53
-72.85742 -36.64074 352.61
-72.36816 -37.80167 346.19
-72.6404 -37.67729 348.65
-72.90034 -36.71945 343.2
-72.85773 -36.62349 326.51
-72.65846 -36.51726 341.41
-72.85075 -37.38934 332.89
-72.85863 -37.38467 336.86
-72.68734 -36.51715 346.73
-72.81877 -36.71702 332.76
-72.83441 -37.42153 338.68
-72.88855 -36.76814 338.03
-72.85094 -36.64491 341.1
-72.86167 -37.36012 341.96
-72.86523 -36.63607 354.24
-72.88338 -36.48016 347.67
-73.05238 -37.2646 346.85
-72.79295 -38.38998 342.92
-72.89531 -36.63135 354.67
-72.36962 -37.80088 347.12
-72.8336 -36.68678 338.12
-72.4931 -36.70414 354.38
-72.84882 -36.66821 354.96
-72.85794 -37.24837 339.01
-72.8125 -36.72548 345.26
-72.72224 -36.57103 341.73
-72.16164 -37.77385 343.48
-72.84182 -36.67619 348.85
-72.81115 -37.30883 336.9
-72.83962 -37.38073 336.03
-72.65327 -36.5168 342.19
-72.88351 -36.61944 346.98
-72.85663 -36.66355 348.75
-72.80244 -38.3634 343.17
-72.85288 -36.63157 342.71
-72.89262 -36.63865 347.96
-72.85054 -37.28758 339.82
-72.5147 -36.98895 335.41
-72.85743 -36.66686 351.47
-72.52654 -36.96304 355.84
-72.83285 -37.37146 346.86
-72.86034 -37.2723 346.23
-72.8142 -36.74388 352.8
-72.66168 -36.57923 332.57
-72.64232 -37.73069 350.74
-72.88294 -36.68007 354.13
-72.86491 -37.37338 343.44
-72.69164 -36.51648 354.52
-72.83031 -37.32366 346.62
-72.77387 -38.37167 335.03
-72.85429 -37.38535 339.45
-72.53178 -36.57564 350.62
-72.84621 -36.63999 345.52
-72.89021 -36.62871 354.9
-72.87199 -37.3654 345.42
-72.87784 -37.21453 352.37
-72.53257 -36.57896 343.57
-72.87745 -36.74975 333.89
-72.83069 -36.70454 350.17
-73.01822 -37.20887 348.73
-73.5715 -37.18047 342.55
-72.64915 -36.53868 352.58
-73.02631 -37.13977 351
-72.86218 -36.78531 354.76
-72.80355 -38.40071 345.43
-72.8756 -37.2424 340.38
-72.85134 -37.2909 339.15
-73.01511 -37.30628 356.04
-72.84801 -37.39665 355.88
-72.86098 -37.23779 354.88
-72.87222 -36.62809 355.92
-72.85252 -36.70204 343.53
-72.85822 -36.64405 353.5
-73.03287 -38.42873 334.85
-72.78403 -38.36752 336.14
-72.13439 -37.778 334.44
-73.09536 -38.40074 341.77
-72.82677 -37.32765 322.56
-72.51611 -36.58505 355.39
-72.51865 -36.96768 355.02
-72.85021 -37.30485 344.58
-73.00587 -38.10244 332.07
-72.36045 -37.7992 333.72
-73.01767 -38.43127 352.57
-72.8568 -37.27629 348.99
-73.02692 -37.13526 353.4
-72.52257 -36.69616 342.75
-72.86952 -36.6354 347.6
-72.86138 -36.78199 344.2
-72.84721 -37.39333 349
-72.87054 -36.70266 353.32
-72.6368 -36.55823 352.05
-72.83012 -36.70899 349.9
-72.66141 -37.71379 355.02
-72.99556 -37.292 353.79
-72.85982 -36.65068 347.49
-72.87833 -36.69799 354.69
-72.88834 -36.66546 350.5
-72.84994 -37.38602 341.02
-73.02793 -37.20512 354.96
-73.00597 -38.09766 331.03
-73.09337 -38.39285 336.89
-73.03601 -38.41014 334.88
-72.87247 -38.19084 337.74
-73.60099 -37.18236 353.19
-72.47793 -36.70945 348.19
-72.88163 -36.65619 347.31
-72.86024 -38.20674 342.02
-72.51352 -36.96502 342.5
-72.35559 -37.78999 335.56
-73.00141 -38.4042 331.89
-72.84643 -36.65826 347.13
-72.83283 -37.30754 343.99
-72.86872 -36.63208 353.14
-72.83433 -37.34024 353.02
-72.82182 -36.74123 319.27
-72.87383 -36.63472 343.1
-72.63059 -37.6969 354.18
-72.88432 -36.62275 346.34
-72.85902 -36.64737 355.49
-72.86268 -37.40126 342.53
-72.69319 -36.56049 343.55
-72.82771 -36.73129 355.79
-72.86412 -36.65001 352.16
-72.84107 -37.34953 355.11
-72.89422 -36.64528 335.86
-72.85547 -36.77604 343.29
-72.87798 -37.41316 338.54
-72.82775 -36.69688 344.52
-72.78033 -38.37374 344.07
-72.85933 -36.65625 339.4
-72.86997 -37.21919 342
-73.01952 -37.14041 354.51
-72.69923 -36.55658 353.62
-73.10561 -38.39328 347.28
-72.83457 -37.29399 336.5
-72.86227 -37.26168 346.31
-72.85478 -37.40593 341.67
-72.85832 -37.40194 346.93
-72.85558 -37.40924 342.3
-73.57684 -37.16581 334.18
-73.03898 -38.13772 334.47
-73.02126 -38.45098 334.28
-72.89567 -37.1846 336.71
-72.7761 -38.3798 337.6
-71.96054 -37.52544 350.49
-72.83036 -36.8009 355.1
-72.52827 -36.57962 348.67
-72.58862 -36.74887 336.17
-72.86172 -36.64006 354.27
-72.83266 -36.71202 337.23
-72.99884 -36.96285 340.1
-72.64251 -36.56867 334.46
-72.87047 -38.20256 342.12
-72.84975 -37.28427 344.68
-72.87994 -36.70462 350.85
-72.82262 -36.74454 353.39
-72.85332 -36.70535 352.67
-72.65229 -36.55698 352.23
-72.65813 -36.47274 346.82
-72.99194 -38.42318 332.09
-72.54684 -36.74328 338.2
-73.07747 -38.39519 333.1
-72.64838 -37.70365 346.86
-72.56867 -36.64654 346.86
-72.55465 -36.64083 342.3
-72.49894 -36.64208 347.84
-72.82946 -36.69876 342.45
-72.99481 -38.43519 340.81
-73.01573 -38.44104 345.99
-72.79398 -36.72968 354.97
-72.8207 -36.6992 348.66
-72.87585 -36.59499 340.62
-73.00462 -38.41254 336.92
-72.55486 -36.74585 351.89
-72.83112 -37.32698 347.02
-72.88146 -36.4935 350.25
-72.85743 -37.24178 350.4
-72.53369 -36.64974 337.82
-72.66503 -37.72765 338.92
-72.85509 -37.38866 346.45
-72.55288 -36.74949 339.03
-72.86977 -37.38785 336.43
-72.99274 -38.43808 332.16
-72.87634 -38.18961 352.41
-72.62965 -36.55957 353.95
-72.85867 -36.7893 348.15
-72.83364 -37.31086 355.53
-73.005 -38.11213 340.47
-72.87732 -36.63073 353.25
-72.53115 -36.55891 338.65
-72.91138 -36.605 342.73
-72.69527 -36.5503 356.4
-72.80099 -36.79138 355.4
-72.54958 -36.64037 337.08
-72.98949 -37.26751 355.12
-72.85814 -38.38102 347.78
-72.6652 -37.73218 337.72
-72.90894 -36.73374 351.01
-72.86153 -37.32228 337.33
-72.85683 -36.70137 345.67
-72.8559 -37.39198 347.62
-73.0099 -37.22645 356.05
-72.8215 -36.75848 352.52
-72.88593 -36.65552 352.28
-72.68971 -36.52709 349.64
-73.03285 -38.4006 342.26
-72.83504 -36.72197 347.85
-72.87094 -37.26033 351.15
-72.8658 -37.25769 346.98
-72.64523 -37.72592 332.75
-72.86137 -37.37737 338.17
-72.88152 -36.73592 350.54
-72.87812 -36.63405 351.88
-72.82422 -36.75117 349.66
-72.84832 -37.37939 352.36
-72.86248 -37.36343 348.65
-72.79388 -36.73224 354.39
-72.48416 -36.73104 341.23
-72.83944 -36.6529 352.39
-72.90205 -36.74672 346.63
-72.89365 -36.72792 347.52
-72.4687 -36.70643 334.36
-72.80833 -37.35284 349.25
-72.8223 -36.7618 353.47
-72.85763 -36.70468 352.11
-73.01045 -37.22192 354.05
-73.01558 -38.40845 336.12
-72.81477 -36.70319 355.25
-72.07694 -37.8028 340.2
-73.00962 -38.12098 338.58
-72.4994 -36.70697 342.07
-72.88621 -36.61213 350.66
-72.87411 -36.61747 350.87
-72.9043 -36.72882 350.45
-72.87366 -38.19616 348.27
-72.6536 -36.56517 337.56
-72.31025 -36.60271 354.13
-72.8107 -37.2935 337.26
-72.82446 -36.68308 352.63
-72.85722 -38.2132 339.81
-72.87798 -38.20491 335.5
-72.88239 -36.77665 338.8
-72.79281 -38.40739 336.91
-72.81639 -36.70034 356.02
-72.86404 -37.30615 356.56
-72.91489 -36.72972 353.98
-73.0149 -38.408 340.37
-72.13669 -37.9076 339.64
-72.81984 -36.67817 349.03
-72.8231 -36.76511 340.79
-72.89687 -36.74627 344.17
-72.84724 -37.27489 337.06
-71.93369 -36.99953 349.68
-72.82912 -36.71791 344.84
-72.54123 -36.66233 341.24
-73.08607 -38.39058 337.77
-72.88083 -36.65287 350.03
-72.86902 -37.27095 353.15
-72.56086 -36.48314 349.28
-72.64779 -36.56913 349.82
-72.49733 -36.72746 344.87
-72.81506 -37.2645 337.05
-73.0175 -37.12073 343.11
-72.82341 -37.34307 342.7
-72.52299 -36.96702 349.25
-72.95432 -38.27633 342.82
-72.87754 -37.23178 347.35
-73.00185 -37.20747 355.44
-72.52986 -36.67096 336.74
-72.97707 -37.34006 349.4
-72.83607 -37.38472 355.48
-72.29807 -36.64257 337.56
-72.84908 -37.42656 335.78
-72.54481 -36.66209 337.33
-73.58012 -37.17908 335.09
-73.01128 -38.44172 351.99
-72.68813 -36.52046 352.07
-72.39159 -37.80994 340.71
-72.82134 -37.26708 341.42
-73.08779 -38.39117 344.62
-73.0136 -38.41755 338.54
-72.8782 -36.6022 347.95
-72.83991 -36.64845 350.49
-72.86282 -36.62613 355.21
-72.2937 -38.09411 336.55
-72.5155 -36.99227 334.11
-72.88049 -36.59992 350.69
-72.6558 -36.553 333.93
-72.85246 -37.27697 353.47
-72.89237 -36.73685 339.34
-72.83012 -37.3452 356.15
-72.68892 -36.52377 346.28
-73.15251 -38.04581 331.54
-73.00517 -38.43465 341.81
-72.48687 -36.72422 352.35
-72.85904 -37.24841 338.52
-72.98167 -37.19662 354.39
-72.55964 -36.66354 337.14
-72.82025 -38.41578 346.14
-72.89612 -36.63466 349.32
-72.8859 -36.74532 346.8
-72.86489 -36.778 330.82
-73.04132 -38.40216 351.05
-72.85172 -38.37898 348.05
-72.87463 -36.66417 347.08
-73.08443 -38.39387 341.23
-72.8183 -36.73994 346.11
-72.67835 -37.67412 355.19
-72.88264 -36.69732 350.67
-72.84027 -36.66956 336.18
-73.57334 -37.16983 348.2
-72.982 -37.15102 351.66
-72.85036 -37.42715 339.03
-72.64842 -37.73784 336.73
-72.324 -38.08964 354.48
-72.82958 -36.71345 349.14
-73.02835 -37.12167 344.21
-72.80492 -37.34476 333.29
-72.83304 -37.31635 352.52
-72.89433 -36.68932 349.7
-72.83448 -38.39116 342.38
-72.64572 -37.72145 345.87
-72.66663 -37.69315 348.87
-72.86712 -36.62545 352.31
-73.07658 -38.39026 346.6
-72.84913 -37.38271 348.06
-72.82199 -36.78483 347.7
-73.10291 -38.40308 355.6
-73.00611 -37.12562 346.02
-72.82468 -38.4102 339.37
-72.94632 -37.32162 348.38
-72.29456 -38.09539 338.68
-72.92686 -37.30807 352.3
-73.09374 -38.4056 345.33
-73.03399 -38.12836 338.29
-72.36929 -37.81733 333.18
-72.86395 -37.33223 328.85
-72.84293 -36.66225 335.76
-73.07521 -38.39479 345.24
-72.50237 -36.96734 354.52
-72.55567 -36.66309 347.64
-72.89147 -36.49271 356.53
-72.5387 -36.64381 340.07
-72.53453 -36.56833 329.76
-72.13909 -37.78728 340.32
-72.87521 -36.60354 343.23
-72.88636 -36.74085 351.32
-72.82092 -36.74421 335.71
-72.64771 -36.54745 354.84
-72.67752 -37.67393 354.45
-72.53054 -36.56328 343.09
-72.86957 -37.35545 353.29
-72.86632 -36.62214 354.55
-72.65279 -36.54791 339.24
-72.83566 -36.68748 354.48
-72.81936 -37.27349 353.08
-72.80464 -38.44076 339.73
-72.83796 -38.41718 337.87
-72.88526 -37.39284 353.27
-72.65533 -36.53244 350.5
-73.00517 -38.43576 325.55
-73.57829 -37.18972 345.32
-72.58537 -36.75559 346.38
-72.82706 -36.70131 339.76
-72.85957 -38.32978 343.42
-72.14642 -37.92619 351.68
-72.8973 -36.74179 339.98
-72.88699 -37.39347 354.11
-72.89034 -37.38699 346.26
-72.95702 -37.34299 353.89
-72.11897 -37.80893 340.1
-72.88853 -37.38633 344.3
-72.92703 -37.36095 352.33
-72.86492 -36.65332 356.5
-72.38168 -37.8046 343.47
-72.99121 -37.13214 342.51
-72.86443 -36.63276 355.46
-72.65178 -36.55672 344.35
-72.99568 -37.12933 344.19
-72.88907 -36.76367 351.96
-72.87653 -36.65355 355.52
-72.09242 -37.80791 343.83
-73.03737 -38.1425 343.45
-72.96561 -37.35283 354.11
-72.97574 -37.33085 348.23
-72.90768 -36.74268 348.23
-72.8589 -36.62758 339.83
-72.84425 -37.29889 345.2
-72.50687 -36.71492 341.69
-72.86648 -37.34166 348.59
-73.10599 -38.40569 346.57
-72.88002 -36.62343 354.29
-73.01215 -37.26717 345.49
-72.88271 -36.61612 356.23
-72.12345 -37.78218 355.69
-72.86253 -38.32821 340.11
-72.55416 -36.66307 347.76
-72.84775 -36.65599 334.44
-72.54908 -36.67135 342.14
-72.87353 -38.20601 351.12
-72.88861 -36.62208 354.59
-72.65573 -37.71782 356.05
-72.52416 -36.70033 344.6
-72.81815 -37.27365 349.89
-72.93066 -37.35456 353.67
-72.67249 -36.46581 349.54
-72.87409 -37.38184 347.89
-72.65375 -36.5258 337.97
-72.65984 -37.72268 350.12
-72.08154 -37.81209 350.44
-72.79463 -36.74529 353.32
-72.85267 -37.37872 350
-72.66557 -36.46922 352.15
-72.5252 -36.68888 344.15
-72.39098 -37.81433 344.11
-72.96681 -37.33596 352.58
-72.88334 -36.76769 352.86
-72.50427 -36.97876 346.99
-72.85166 -37.27365 354.34
-72.88081 -36.62674 350.67
-71.89894 -37.10933 343.7
-72.92608 -37.30772 350.34
-72.83004 -37.39812 346.44
-72.40788 -37.82866 342.7
-72.31433 -36.60565 345.69
-73.1829 -38.13549 341.28
-72.87815 -36.76723 342.36
-72.82886 -37.41251 354.84
-73.00173 -38.44089 348.71
-72.53308 -36.67429 352.4
-72.64308 -36.56428 351.56
-72.29589 -38.11106 341.32
-73.02991 -38.44162 346.58
-72.30791 -36.59274 337.6
-72.87762 -36.77171 354.33
-72.53022 -36.56768 344.71
-72.48591 -36.71214 339.27
-73.47726 -37.62872 341.13
-73.03951 -38.4089 352.12
-72.86002 -36.71463 339.16
-72.69994 -36.55218 351.85
-73.00924 -37.27377 352.76
-72.49475 -36.70214 343.05
-72.82864 -37.3973 347.45
-72.83973 -36.80238 341.68
-73.57663 -37.18309 343.48
-72.88074 -36.70794 331.78
-72.83495 -37.39867 353.45
-72.52747 -36.57631 354.22
-72.49937 -36.70255 348.8
-72.55853 -36.64562 355.33
-72.19911 -37.25521 355.39
-72.53328 -36.56808 349.14
-71.96194 -37.53719 347.76
-72.53291 -36.57247 344.79
-72.15693 -37.90385 336.88
-73.57253 -37.16651 348.31
-73.19263 -38.12439 355.74
-73.23362 -37.82626 351.66
-72.56754 -37.23815 352.37
-72.87303 -36.65754 355.96
-72.83543 -37.41925 328.11
-72.86506 -37.31829 345.83
-73.01811 -38.41752 354.51
-72.87733 -36.65686 356.12
-72.83513 -37.34357 337.4
-72.97099 -37.19571 355.5
-73.57746 -37.18641 341.03
-72.57343 -36.75954 355.88
-72.87223 -36.65422 353.14
-72.86989 -37.33819 342.88
-73.02785 -37.12619 337.82
-72.87044 -36.75772 347.44
-72.87311 -37.35146 337.44
-72.73281 -36.57192 341.06
-72.1361 -37.79405 343.25
-72.66831 -36.47807 341.35
-72.48988 -36.70612 343.84
-73.01101 -38.4477 336.75
-72.14092 -37.92094 351.35
-72.83836 -36.68018 345.17
-72.53783 -36.64816 348.1
-72.86063 -36.654 353.52
-72.87435 -37.19294 354.74
-72.68957 -36.48928 344.93
-72.87168 -38.21772 356.19
-73.01864 -37.14491 351.39
-72.69273 -36.56491 355.1
-73.02644 -38.11626 353.87
-73.03812 -38.13793 342.29
-73.02029 -38.40841 345.99
-72.95365 -38.28344 339.73
-71.97266 -37.53725 334.62
-72.86082 -37.29288 333.23
-73.02147 -38.40387 353.42
-72.96263 -38.27035 337.83
-72.5377 -36.66632 343.6
-72.87549 -37.37456 347.18
-72.87652 -36.62742 353.37
-72.93465 -37.36337 356.17
-72.81072 -36.73882 345.53
-73.10641 -38.40664 344
-72.8641 -37.37006 349.56
-72.54183 -36.65295 350.77
-72.89836 -36.73284 342.77
-72.69244 -36.51979 356.12
-72.83132 -37.43423 341.91
-72.85994 -37.40857 341.49
-72.89342 -36.64197 339.78
-72.86822 -36.61152 349.91
-73.01801 -38.12246 343.04
-73.00815 -38.4171 347.82
-72.37386 -37.8217 344.79
-72.82545 -37.29823 356.36
-72.80855 -38.40966 351.06
-72.82513 -38.38789 342.52
-72.85205 -36.65531 347.66
-72.14409 -37.79665 338.56
-72.89023 -36.65484 353.73
-72.87718 -37.37528 348.76
-72.89263 -36.66479 328.06
-72.30451 -38.48397 342.06
-72.56882 -36.75755 335.46
-72.86859 -37.3143 356.25
-72.87841 -36.6168 353.24
-73.02208 -38.11758 354.58
-72.86572 -37.37669 351.84
-72.86668 -37.32492 347.18
-72.86736 -38.20898 355.41
-72.85954 -37.26899 348.77
-72.65183 -36.53642 338.5
-72.52811 -36.96968 344.57
-72.8723 -37.34814 337.33
-72.82297 -37.37274 356.33
-72.85824 -37.2451 351.51
-72.85949 -36.62313 346.28
-72.86234 -37.32559 333.65
-72.84723 -36.66158 344.89
-72.84226 -38.38474 343.86
-72.85697 -37.42149 328.55
-73.00733 -37.28069 355.94
-71.9976 -38.27126 341.19
-72.14453 -37.91016 336.54
-72.88359 -37.37718 354.75
-72.8855 -37.37791 353.49
-72.86501 -36.78866 351.56
-72.89645 -37.38889 352.16
-72.88541 -36.60882 352.24
-72.86027 -38.37706 347.15
-73.00547 -38.41849 335.59
-72.86443 -36.65889 355.99
-72.8243 -37.29832 353.98
-72.82636 -36.79423 343.86
-72.90503 -36.72437 354.77
-72.14397 -37.79634 349.11
-72.5234 -36.69946 347.05
-72.87324 -36.69535 336.05
-72.8772 -36.77619 354.22
-73.02711 -38.11181 351.06
-72.53391 -36.95725 350.95
-72.91419 -37.37194 350.03
-72.82741 -37.36705 355.02
-72.87865 -37.21784 345.38
-72.50399 -36.70296 352.34
-72.39462 -37.82803 347.23
-73.00188 -37.12851 355.64
-72.86362 -36.62944 355.23
-72.40653 -37.82924 354
-72.08473 -37.80537 355.6
-72.31092 -38.46322 340.88
-72.87062 -36.62146 355.61
-73.03804 -38.12268 352.47
-71.90038 -37.10788 347.44
-72.64867 -37.73335 352.14
-72.49839 -36.72899 342.14
-72.87013 -37.25702 348.24
-72.38188 -37.81255 355.99
-72.8993 -37.38226 345.97
-72.89264 -37.40278 353.04
-72.65263 -36.53973 344.3
-72.87403 -36.69867 342.17
-73.10276 -38.40356 338.79
-72.81883 -37.31128 355.94
-72.39316 -37.82273 337.49
-72.66398 -37.74363 342.87
-72.49682 -36.70389 349.96
-73.0158 -38.43124 341.61
-72.87113 -36.66816 353.67
-72.86218 -37.38068 336.03
-72.5802 -37.24992 351.97
-73.57417 -37.17315 342.8
-72.83414 -37.39535 349.86
-72.81583 -36.78878 343.91
-72.82619 -38.42994 349.61
-72.88963 -37.40936 347.72
-72.10958 -38.17494 353.06
-72.3882 -37.81574 356.26
-72.53531 -36.57165 332.64
-72.52511 -36.5672 351.42
-72.86972 -38.3773 354.05
-72.86741 -37.26432 346.73
-72.3856 -37.8378 344.36
-72.82453 -36.73393 320.18
-72.50237 -36.64048 344.18
-72.81832 -38.43034 343.26
-72.83405 -37.28105 344.64
-72.86363 -36.65557 355.65
-72.88961 -36.7592 354.99
-72.84894 -37.28095 344.58
-73.1078 -38.39733 356.01
-72.86822 -37.26764 354.06
-73.02381 -37.19105 342.34
-72.83026 -38.43858 342.49
-72.86922 -36.65265 352.85
-72.8579 -36.80157 351.37
-72.85349 -37.38203 353.9
-73.02778 -38.10195 339.23
-72.66444 -37.69993 343.58
-72.82768 -37.28957 342.75
-72.15646 -37.7843 349.72
-72.50109 -36.72087 343.51
-72.37608 -37.8302 344.77
-72.91118 -36.60949 348.4
-72.57903 -36.75847 342.05
-73.02419 -38.41336 353.73
-73.58434 -37.1944 349.97
-72.14023 -37.92528 344.9
-72.52364 -36.97718 341.18
-73.03156 -38.40514 338.09
-72.94737 -38.26448 345.56
-72.81639 -38.4384 343.99
-73.01077 -37.126 351.69
-72.87142 -36.62478 347.24
-72.81126 -36.73437 351.83
-72.39177 -37.83597 346.29
-72.13363 -37.79539 352.59
-71.92641 -37.00415 345.31
-72.53022 -36.569 344.12
-72.81911 -36.74854 324.39
-72.14112 -37.93021 354.08
-72.88943 -36.65153 348.84
-72.8536 -37.26302 336.83
-72.84628 -37.26849 351.61
-73.58969 -37.19482 341.81
-72.8707 -37.34151 336.81
-72.82606 -36.69965 345.94
-73.01675 -37.12523 350.28
-72.30224 -38.09786 355.13
-72.10912 -37.80293 345.68
-72.54043 -36.65902 350.8
-72.92146 -37.18694 352.88
-72.66883 -36.47366 340.57
-72.81189 -36.72993 352.15
-72.80872 -38.43185 352.11
-72.83208 -37.42975 343.96
-72.80421 -38.42306 353.61
-72.81403 -36.75711 343.43
-72.15888 -37.8994 355.94
-72.10841 -37.80725 349.83
-72.8875 -37.18858 344.27
-72.80308 -36.76338 344.59
-72.65878 -36.46835 338.56
-72.82959 -36.79702 344.65
-72.56155 -36.65476 348.93
-72.30129 -38.09661 356.56
-72.12843 -37.79491 350.32
-72.87665 -36.74643 338.77
-72.86026 -37.39131 349.18
-72.531 -36.57232 342.85
-72.82142 -36.73975 353.28
-72.39146 -37.79269 343.12
-72.09666 -37.81499 344.1
-72.65454 -36.52912 346.6
-72.90359 -37.37611 351.4
-72.86172 -36.66619 352.32
-72.19284 -37.22971 352.43
-72.82855 -38.38643 349.34
-72.26511 -37.89155 343.32
-72.39149 -37.80915 356.13
-72.5611 -38.09804 356.16
-72.883 -36.59888 336.37
-72.53175 -36.94585 348.4
-72.6451 -36.56501 348.56
-72.8843 -36.75874 354.68
-72.5353 -36.65637 342.34
-72.82613 -36.74056 351.09
-72.92736 -37.1829 355.85
-72.66409 -36.4688 339.64
-72.81828 -36.7893 345.17
-72.29048 -38.1007 348.32
-73.5972 -37.18596 343.51
-72.86012 -36.63343 350.81
-72.5833 -37.24324 341.88
-72.89183 -36.66147 324.18
-72.87033 -36.66484 353.78
-72.86364 -37.22005 354.52
-72.87437 -37.20107 346.44
-72.82745 -38.3889 344.84
-73.01259 -38.12202 353.86
-72.1488 -37.90402 345.04
-72.99039 -37.13664 355.57
-72.86916 -37.21587 337.86
-72.92224 -37.18246 346.32
-72.86178 -37.2411 355.02
-73.11665 -38.40734 343.25
-72.81106 -38.42802 354.13
-72.12254 -37.79876 344.79
-72.65386 -37.69961 345.42
-72.49012 -36.71498 350.51
-72.08497 -37.80841 351.95
-72.99842 -38.43914 352.61
-72.57014 -36.73954 349.87
-72.86106 -37.39463 346.77
-73.0183 -38.1137 356.1
-72.53114 -36.58559 344.33
-72.85625 -36.79925 347.31
-72.96239 -37.34208 344.52
-72.83714 -38.42171 350.96
-72.37955 -37.02872 350.54
-73.57931 -37.17576 338.91
-72.52906 -36.94796 353.64
-72.52945 -36.56568 348.12
-73.59866 -37.18375 345.31
-72.86092 -36.63675 351.23
-72.85019 -36.80326 351.79
-72.86506 -37.22295 355.2
-72.14467 -37.79201 354.81
-72.85073 -36.65759 348.31
-72.5123 -36.98132 349.36
-72.55125 -36.65382 353.96
-72.83154 -36.72596 342.69
-72.84186 -37.28893 344.46
-72.84382 -38.33955 355.42
-72.85944 -37.38799 352.63
-72.99741 -37.14773 354.91
-72.12115 -37.80741 348.72
-72.81843 -37.29598 354.19
-72.82076 -37.32734 344.34
-72.86329 -36.77137 329.59
-72.13136 -37.79606 355.59
-72.89072 -36.64927 338.04
-72.88113 -36.59547 341.43
-72.8158 -38.44294 349.25
-72.83738 -38.44081 355.76
-72.12321 -37.79443 345.88
-71.89082 -38.44835 341.21
-72.48842 -36.72808 345.86
-71.96909 -37.53235 347.28
-72.87946 -37.22116 340.22
-72.87616 -37.19215 354.77
-72.26468 -38.3659 344.19
-72.87431 -37.21852 342.88
-72.52144 -36.58031 353.58
-72.56429 -38.09843 351.98
-72.87102 -38.38256 344.22
-72.83015 -37.38706 354.98
-72.51007 -36.97806 354.89
-72.88155 -36.71125 341.55
-72.82668 -38.44841 344.37
-72.50945 -36.98244 346.47
-72.887 -36.61545 342.66
-72.38841 -37.79936 355.02
-72.87492 -36.62078 353.82
-72.38544 -37.84434 355.25
-73.18981 -38.13137 352.27
-73.01054 -38.43083 352.64
-72.83743 -37.29947 348.72
-72.99311 -37.14281 352.81
-72.51558 -36.97462 346.87
-72.84155 -37.26355 347.11
-72.86842 -36.64933 353.31
-72.09283 -37.80589 352.82
-72.84345 -37.29557 345.78
-72.86013 -36.65956 353.07
-72.91902 -37.22768 353.01
-72.87352 -36.65197 354.74
-72.82466 -37.33672 347.14
-72.89944 -37.18506 350.27
-72.48912 -36.72373 346.55
-72.86921 -38.2259 344.33
-72.86202 -36.62281 334.99
-72.98948 -37.14112 351.06
-72.86603 -36.66552 352.75
-72.12545 -37.79995 348.15
-72.82883 -36.73325 344.37
-72.64464 -36.53382 346.85
-72.86792 -36.62877 354.49
-72.38966 -37.81508 354.18
-72.5496 -36.66696 347.71
-72.83054 -37.36048 349.31
-72.82533 -36.73724 342.47
-72.98251 -37.1465 352.42
-72.86683 -36.66883 353.22
-72.65414 -37.74475 348.83
-72.51917 -36.96585 343
-72.98897 -37.13791 353.78
-73.01115 -38.42624 352.78
-72.11049 -37.79427 356.35
-72.98808 -37.1424 355.06
-73.01743 -38.44766 351.48
-72.81522 -36.74821 355.43
-72.81926 -36.79166 349.18
-72.50759 -36.97367 344.58
-72.53021 -36.96241 353.26
-72.84266 -37.29225 352.54
-73.18411 -38.12172 353.08
-72.81863 -37.34076 343.8
-72.87316 -37.27983 356.29
-73.23822 -37.83128 356.31
-72.65047 -37.69561 351.09
-72.65033 -36.56549 342.58
-72.84621 -37.28826 355.62
-72.54862 -36.66259 354.31
-72.83026 -36.70208 338.5
-72.84319 -37.43065 347.12
-72.86118 -37.21353 355.09
-72.88859 -37.18414 354.74
-72.8636 -37.34949 340.67
-72.99452 -37.14156 352.71
-73.02093 -38.43164 355.34
-72.84452 -38.44527 342.51
-72.51832 -36.56236 344.93
-72.8383 -37.29293 335.06
-72.38155 -37.82889 356
-72.8207 -36.75517 347.01
-72.96733 -37.22277 354.72
-72.86845 -37.36938 339.26
-72.8638 -37.38731 332.75
-72.4912 -36.72356 326.48
-72.86599 -38.36874 351.59
-73.01839 -38.44535 350.8
-72.64713 -37.71256 349.66
-72.86523 -37.35612 349.17
-72.86448 -38.21547 353.94
-72.1298 -37.78626 350.2
-72.86793 -36.6549 348.51
-72.69322 -36.52311 349.41
-72.51098 -36.98731 344.57
-72.8366 -38.4214 350.5
-72.87174 -37.26365 347.92
-72.12479 -37.80428 348.49
-72.86901 -36.61483 351.04
-72.85932 -36.63012 337.9
-72.86953 -36.66153 354.42
-72.99589 -37.31465 347.4
-72.86253 -36.66951 346.77
-72.08239 -37.80499 345.35
-72.46894 -36.65948 348.32
-72.82674 -37.3233 345.33
-72.8563 -37.25572 332.81
-72.13067 -37.8004 353.54
-72.54366 -36.67085 344.76
-72.86603 -37.35944 334.58
-72.81697 -38.43386 346.76
-72.88826 -37.32203 353.75
-72.11872 -37.78963 351.27
-72.87594 -36.68805 333.16
-73.02315 -38.41791 354.9
-72.87754 -36.69468 345.18
-72.10043 -37.80548 350.75
-72.88461 -36.6055 349.5
-71.97679 -37.53075 354.03
-72.82814 -37.32133 345.86
-72.54188 -37.01634 343.25
-72.90961 -36.72928 352.11
-72.55015 -36.66258 347.95
-73.01959 -38.44081 354.99
-72.27251 -38.33953 346.43
-72.87118 -37.36208 334.07
-72.1582 -37.89516 353.63
-72.8222 -37.32534 354.51
-72.87363 -37.31622 352.64
-72.30814 -36.59628 354.16
-72.86187 -37.39794 344.77
-72.85476 -38.37201 349.74
-72.85519 -37.26966 354.19
-72.85712 -37.25903 341.97
-72.30779 -38.46191 355.43
-72.82894 -37.31686 345.13
-72.52396 -36.58028 340.78
-72.84033 -37.43333 354.48
-72.81374 -38.41867 354.4
-72.65155 -37.69578 348.38
-72.38615 -37.83549 346.43
-73.01691 -38.12699 354.25
-72.8709 -38.21686 345.23
-72.54654 -36.65339 353.33
-72.81599 -38.412 352.1
-72.8544 -37.26634 351.04
-72.8308 -37.42342 349.57
-72.99225 -37.1473 355.5
-72.89758 -37.3001 355.83
-72.84801 -37.25235 346.87
-72.86315 -37.32891 328.59
-72.85538 -37.24657 351.88
-72.83823 -38.44935 347.56
-72.378 -37.83097 347.15
-72.69401 -36.52642 348.98
-72.99894 -38.43455 345.92
-72.38848 -37.81788 347.47
-72.53902 -36.99831 346.72
-72.99848 -37.30846 347.71
-72.82822 -37.40051 356.04
-73.18523 -38.10744 346.18
-72.53723 -37.01149 345.73
-72.09805 -37.80635 355.59
-72.88591 -36.62938 341.63
-72.82374 -37.34571 355.8
-72.86259 -37.24442 348.21
-72.88781 -36.61877 334.72
-72.83992 -37.29956 343.06
-72.83524 -38.42541 355.62
-72.64999 -37.72634 345.85
-72.86613 -37.24043 354.4
-73.01299 -38.44835 337.42
-72.84229 -37.25908 352.3
-73.17995 -38.1131 348.92
-72.87424 -37.27085 355.58
-72.87016 -38.22139 347.77
-72.85793 -37.26235 343.9
-72.12708 -37.80357 353.02
-72.98315 -37.14199 354.21
-72.86409 -36.77469 338.61
-72.86163 -37.2962 338.71
-72.86499 -37.25437 354.95
-72.38255 -37.82184 349.7
-72.39619 -37.81829 352.73
-72.86329 -37.36674 338.07
-73.01395 -37.19479 351.48
-72.65326 -37.74274 352.93
-72.12393 -37.79011 353.17
-72.52323 -36.97511 353.11
-72.81933 -38.42028 356.01
-73.02373 -38.41839 356.06
-72.87572 -36.6241 344.7
-73.01561 -37.12639 350.93
-72.81574 -36.74376 346.99
-72.51408 -36.98728 350.21
-72.45831 -36.6629 354.7
-72.8264 -37.29852 347.46
-72.85914 -37.40525 333.28
-73.00294 -38.44413 354.03
-72.85233 -36.66422 347.84
-72.82871 -37.39601 353.64
-72.82951 -37.32034 341.3
-72.82784 -38.43932 354.37
-72.52844 -36.97558 351.39
-72.49342 -36.72854 351.02
-72.82272 -38.43432 352.14
-72.82153 -38.4434 348.17
-72.89265 -36.49452 347.07
-72.8493 -37.2506 351.13
-72.85387 -37.43606 350.18
-72.86542 -37.39395 328.03
-73.00631 -38.42181 336.26
-72.38383 -37.82705 351.69
-71.89942 -37.10831 353.32
-73.02052 -38.43625 353.82
-72.86066 -37.25505 345.16
-72.3869 -37.80507 348
-71.93073 -37.00886 355.37
-72.89103 -36.65816 337.13
-72.86854 -37.25038 352.48
-72.51802 -36.97463 352.55
-72.38444 -37.82265 353.67
-72.99498 -37.13383 353.88
-72.5153 -36.9785 352.4
-72.51035 -36.96992 349.44
-72.87046 -37.23976 345.76
-72.82588 -37.37762 351.43
-72.84802 -36.6649 347.04
-72.14569 -37.92345 333.91
-72.8336 -38.43979 355.44
-72.1395 -37.79154 351.42
-72.86451 -37.2338 326.08
-73.00529 -37.13794 355.43
-72.83074 -36.72264 336.82
-72.82541 -37.33225 353.12
-72.38077 -37.83504 350.09
-72.99622 -37.13258 353.71
-72.52054 -36.97895 353.9
-72.86442 -37.3528 326.97
-72.85153 -36.66091 341.63
-72.84541 -37.28494 331.07
-72.86634 -37.34218 339.65
-71.93569 -37.00933 353.48
-72.85961 -37.3329 329.43
-72.29393 -38.10242 350.86
-72.84249 -38.38017 353.54
-72.8748 -37.23909 338.44
-72.18966 -37.23649 355.55
-72.51742 -36.97902 351.68
-71.96859 -37.53664 354.95
-73.02728 -38.42287 355.25
-72.52901 -36.97119 355.97
-72.08634 -37.81409 353.65
-72.52684 -36.6955 329.16
-72.87402 -38.23088 354.01
-72.86933 -37.2537 344.39
-72.51861 -36.97024 353.3
-72.87149 -37.34483 331.81
-72.86461 -37.39063 329.41
-72.86693 -37.24375 347.74
-72.85978 -36.77536 340.86
-72.09216 -37.81021 356.34
-72.15237 -37.89903 354.43
-72.86338 -37.24774 335.9
-72.86418 -37.25106 344.51
-72.82343 -36.74786 342.81
-72.83911 -37.29625 332.41
-72.86773 -37.24706 344.39
-72.863 -37.384 334.31
-72.88941 -36.62539 338.33
-73.57499 -37.17646 336.39
-72.85251 -37.34088 337.49
-72.88111 -36.60949 339.16
-72.86387 -37.26831 339.44
