-72.8767 -36.52325 367
-73.04694 -37.27519 367
-72.875 -36.52885 367
-72.85945 -36.60025 367
-73.01154 -37.09167 367
-73.00294 -37.10446 367
-72.97281 -37.16661 367
-73.05573 -37.27164 367
-73.05456 -37.20056 367
-72.63998 -36.55263 367
-73.05642 -37.22467 367
-72.97936 -37.17432 367
-72.97736 -37.15597 367
-72.98089 -37.15955 367
-73.09211 -37.24141 367
-73.00541 -37.11106 367
-73.10569 -37.22425 367
-73.06887 -37.238 367
-72.81203 -36.68731 367
-72.85162 -37.18153 367
-72.81583 -37.23164 367
-73.26565 -38.05822 367
-73.06023 -37.27316 367
-72.98203 -37.15227 367
-72.47987 -36.55822 367
-73.06396 -37.23848 367
-72.56171 -36.65458 367
-73.05196 -37.27064 367
-73.06948 -37.2694 367
-73.05217 -38.33176 367
-72.80044 -37.37968 367
-72.97063 -37.17197 367
-72.98476 -37.15384 367
-72.79783 -36.68919 367
-73.04716 -37.2726 367
-73.06609 -37.28027 367
-73.05695 -37.27201 367
-73.0629 -37.26143 367
-72.63778 -36.5739 367
-72.52607 -36.77181 367
-72.86313 -37.44405 367
-72.52961 -36.70319 367
-72.97943 -37.16247 367
-72.76391 -36.72243 367
-73.0771 -37.26796 367
-72.56606 -36.65751 367
-73.07893 -37.2719 367
-73.18839 -38.06072 367
-72.86494 -37.44397 367
-73.00786 -37.0974 367
-73.04819 -37.27554 367
-72.52497 -36.76952 367
-72.80308 -37.38405 367
-72.80284 -37.38988 367
-72.84122 -37.17275 367
-73.08932 -37.24476 367
-73.06511 -38.37536 367
-72.5324 -36.70164 367
-73.12375 -38.04364 367
-72.8098 -37.29721 367
-73.21559 -38.08507 367
-72.83892 -37.17667 367
-73.09818 -38.35547 367
-72.82943 -37.441 367
-72.80219 -37.42183 367
-72.98524 -37.17153 367
-72.83885 -37.17809 367
-72.80426 -37.42833 367
-72.57305 -36.76274 367
-72.76706 -37.55413 367
-72.63885 -36.57071 367
-73.16327 -38.13618 367
-72.87459 -37.4388 367
-72.89298 -37.41057 367
-73.1639 -38.13165 367
-72.81482 -37.4314 367
-73.15973 -38.13054 367
-73.0715 -38.31969 367
-73.06149 -37.26729 367
-72.81895 -37.22748 367
-72.53617 -36.70505 367
-72.5283 -36.70288 367
-72.53127 -36.76511 367
-72.5987 -36.54749 367
-72.48056 -36.5589 367
-72.71457 -37.48649 367
-73.05883 -38.40236 367
-72.74447 -37.4707 367
-72.84317 -37.17924 367
-72.53959 -36.76738 367
-72.98096 -37.16384 367
-72.83376 -37.43816 367
-73.06358 -38.4036 367
-72.85667 -37.18885 367
-73.12782 -38.35189 367
-72.66263 -37.56043 367
-73.09032 -37.24725 367
-72.53245 -36.70402 367
-72.12547 -37.94376 367
-72.09885 -38.02169 367
-72.12596 -37.94286 367
-72.80576 -37.42419 367
-72.76767 -37.55323 367
-72.86961 -37.43986 367
-72.85484 -37.18325 367
-72.7683 -36.76288 367
-72.81503 -37.42555 367
-73.04198 -38.36352 367
-72.55173 -36.67098 367
-73.07734 -38.33273 367
-73.27244 -38.05449 367
-72.51723 -36.71405 367
-72.75033 -36.7458 367
-72.17837 -37.26028 367
-72.58702 -36.55044 367
-73.00802 -37.1033 367
-72.34211 -38.05057 367
-73.02616 -38.14694 367
-72.99962 -38.36957 367
-72.89507 -37.41172 367
-72.81546 -37.4246 367
-73.03259 -38.36678 367
-72.24339 -37.60648 367
-72.72145 -37.57193 367
-73.21874 -38.0823 367
-73.06596 -37.2734 367
-72.89015 -37.41573 367
-73.0723 -38.02422 367
-72.52966 -36.77081 367
-73.28082 -38.06687 367
-73.08132 -37.26814 367
-73.03431 -38.36149 367
-72.87496 -37.43427 367
-72.82384 -36.79804 367
-72.64841 -37.63889 367
-72.82584 -36.79862 367
-72.80441 -37.41648 367
-72.19123 -37.92254 367
-72.18868 -37.2495 367
-72.1801 -37.92557 367
-72.52681 -36.77616 367
-72.17655 -37.73332 367
-72.23928 -37.60058 367
-72.24561 -37.60873 367
-72.74734 -37.5834 367
-72.64089 -37.64944 367
-72.56755 -36.76821 367
-72.51805 -36.497 367
-72.71326 -37.49598 367
-72.46838 -36.89042 367
-72.17937 -37.78904 367
-72.88818 -38.30534 367
-72.09859 -38.01806 367
-72.81587 -37.4255 367
-73.12309 -38.35151 367
-72.80101 -38.05786 367
-72.11018 -38.00653 367
-73.27979 -38.06196 367
-72.90056 -37.40609 367
-72.98071 -37.16544 367
-72.93219 -38.23287 367
-72.38533 -38.02163 367
-72.51933 -36.57914 367
-72.44023 -37.66924 367
-73.22663 -38.05862 367
-72.80231 -37.38615 367
-72.83182 -37.4357 367
-72.87547 -37.43297 367
-72.87611 -37.43567 367
-72.75836 -37.55647 367
-72.5632 -37.19124 367
-72.75767 -37.51596 367
-72.15609 -37.80581 367
-73.07016 -38.02824 367
-72.30231 -38.12299 367
-72.17976 -37.73185 367
-72.34148 -37.99753 367
-72.39391 -38.00766 367
-73.27633 -38.06104 367
-72.80565 -37.41926 367
-72.17867 -37.7361 367
-72.19253 -37.91793 367
-72.46006 -37.73545 367
-73.0071 -38.36579 367
-72.64323 -37.64972 367
-72.74517 -37.58876 367
-72.66617 -37.73311 367
-71.9385 -36.9888 367
-73.06424 -38.40949 367
-72.66125 -37.74962 367
-72.32143 -38.07023 367
-73.21806 -38.08 367
-72.50031 -37.00288 367
-72.33925 -38.00294 367
-72.82822 -38.0476 367
-72.73708 -37.61931 367
-72.93991 -38.1956 367
-72.6944 -37.67527 367
-72.73766 -37.64022 367
-71.94052 -36.98782 367
-72.43757 -37.7814 367
-72.11503 -37.99052 367
-72.84958 -37.17912 367
-72.12743 -37.94011 367
-73.11392 -38.40537 367
-72.70467 -37.65222 367
-72.74427 -37.57294 367
-72.1125 -38.00173 367
-72.15665 -37.80016 367
-72.01151 -37.50611 367
-72.77796 -37.49762 367
-72.4535 -37.73893 367
-72.44926 -37.66273 367
-73.12695 -38.04849 367
-72.65325 -37.74631 367
-72.29051 -38.06354 367
-72.69778 -37.68215 367
-72.7365 -37.61615 367
-73.0451 -38.12309 367
-72.17929 -37.24902 367
-72.98033 -38.27572 367
-72.30237 -38.11098 367
-72.8123 -37.40202 367
-73.074 -38.40985 367
-73.12184 -38.40174 367
-72.34843 -38.01749 367
-72.18398 -37.24926 367
-72.74212 -37.59036 367
-72.12727 -37.94577 367
-72.44133 -37.67002 367
-72.46117 -37.72843 367
-72.72269 -37.59531 367
-72.72568 -37.64296 367
-72.01015 -37.50433 367
-72.71872 -37.66449 367
-72.88437 -38.25787 367
-72.34166 -38.00962 367
-72.58939 -37.16204 367
-72.76074 -37.56199 367
-72.69314 -37.68089 367
-73.06794 -38.40365 367
-73.11015 -38.40794 367
-72.66255 -37.74342 367
-72.39445 -38.01213 367
-72.29536 -38.06376 367
-73.22845 -38.07273 367
-72.31916 -38.07562 367
-72.66349 -37.74352 367
-73.07008 -38.40071 367
-72.1409 -38.16671 367
-72.38126 -38.00425 367
-72.71141 -37.6561 367
-72.75521 -37.52126 367
-72.92208 -38.20244 367
-72.45219 -37.74004 367
-72.57643 -36.76518 367
-72.99756 -38.10463 367
-72.36899 -36.99791 367
-72.66717 -37.73225 367
-73.22971 -38.07676 367
-72.73216 -37.62491 367
-72.90404 -38.19762 367
-72.89753 -38.22492 367
-72.72771 -37.65387 367
-73.1255 -38.4027 367
-72.78357 -38.24814 367
-72.94034 -38.20786 367
-72.70888 -37.65823 367
-72.71024 -37.65246 367
-72.18821 -37.25513 367
-73.11777 -38.40638 367
-72.3549 -38.04931 367
-72.69045 -37.68073 367
-72.58762 -37.18818 367
-72.94017 -38.23044 367
-72.64784 -37.74279 367
-73.0712 -38.06998 367
-72.44617 -37.72129 367
-72.67055 -37.55211 367
-72.94042 -38.21893 367
-73.04613 -38.35794 367
-73.04472 -38.3585 367
-72.82787 -37.21817 367
-72.43736 -37.77741 367
-72.78249 -38.28872 367
-73.11285 -38.41079 367
-72.66755 -37.73789 367
-72.58311 -37.19063 367
-72.65347 -37.74885 367
-73.12508 -38.40308 367
-72.72465 -37.90879 367
-73.06947 -38.40273 367
-72.83041 -38.05404 367
-72.72154 -37.64711 367
-72.99353 -38.09196 367
-72.94387 -38.20826 367
-72.93549 -38.20174 367
-72.49801 -36.98599 367
-72.11146 -38.00734 367
-72.54704 -38.07188 367
-72.7112 -37.65889 367
-73.03531 -38.36345 367
-72.65783 -37.57488 367
-72.19109 -37.25015 367
-72.2965 -38.06947 367
-72.40952 -37.72663 367
-72.42747 -37.68959 367
-73.0715 -38.40674 367
-72.88433 -38.33908 367
-72.7179 -37.49037 367
-72.01197 -37.50051 367
-73.12178 -38.40892 367
-72.90195 -38.27422 367
-72.99181 -38.45661 367
-72.44898 -37.75048 367
-72.73689 -37.61346 367
-73.04924 -38.07799 367
-72.59084 -37.16545 367
-72.30671 -38.1242 367
-72.89588 -38.33056 367
-72.73013 -37.64336 367
-72.45786 -37.73453 367
-72.80376 -38.05217 367
-72.29522 -38.05803 367
-72.29742 -38.05669 367
-73.07052 -38.06689 367
-72.72105 -37.48227 367
-73.02982 -38.44949 367
-72.72556 -37.65312 367
-72.91402 -38.23637 367
-72.37901 -37.7941 367
-72.43513 -37.78675 367
-72.50483 -38.12579 367
-72.6312 -37.6374 367
-72.44629 -37.75704 367
-72.43452 -37.78526 367
-73.05579 -38.07392 367
-72.44016 -37.77402 367
-73.05743 -38.36437 367
-72.56535 -38.07686 367
-72.40713 -37.71361 367
-72.7322 -37.64173 367
-72.39162 -38.01303 367
-73.07864 -37.10256 367
-72.90191 -38.34373 367
-72.74719 -37.58475 367
-72.58981 -37.18641 367
-72.99428 -38.45152 367
-72.43262 -37.78815 367
-72.79005 -38.24405 367
-72.00847 -37.50492 367
-72.55142 -38.0636 367
-72.89399 -38.41908 367
-72.7236 -37.64784 367
-72.72289 -37.64133 367
-72.94436 -38.21988 367
-72.54978 -38.06933 367
-73.08166 -38.40417 367
-72.80098 -37.43179 367
-72.88969 -38.34629 367
-72.73254 -37.61909 367
-72.50288 -37.00422 367
-72.73406 -37.63013 367
-72.88689 -38.39404 367
-72.4101 -37.72092 367
-72.89111 -38.39517 367
-72.66044 -37.56581 367
-72.44206 -37.69091 367
-72.73015 -37.90319 367
-72.98536 -37.33755 367
-73.00578 -38.08493 367
-72.67562 -37.69753 367
-73.1155 -38.40864 367
-73.06451 -38.07262 367
-72.72485 -37.64206 367
-72.35764 -38.04253 367
-72.30053 -38.05853 367
-72.3176 -38.07624 367
-73.03696 -38.44565 367
-72.43993 -37.77976 367
-72.89313 -38.4015 367
-72.4109 -37.72528 367
-73.05312 -38.39401 367
-72.6996 -37.69453 367
-72.35541 -38.04353 367
-72.6809 -37.68612 367
-73.00401 -37.93051 367
-72.8901 -38.2536 367
-72.93826 -38.23147 367
-72.35703 -38.04389 367
-72.8422 -38.21603 367
-72.92448 -38.20888 367
-72.85856 -37.17742 367
-72.20088 -37.21618 367
-73.05145 -38.07507 367
-73.01047 -38.36836 367
-73.05251 -38.40307 367
-73.07342 -38.39191 367
-72.88559 -38.34521 367
-73.05099 -38.39704 367
-72.89968 -38.39747 367
-72.90731 -38.2101 367
-72.82888 -38.05165 367
-72.44154 -37.77854 367
-73.03503 -38.44413 367
-72.887 -38.25694 367
-72.4422 -37.66685 367
-72.31722 -38.08195 367
-72.69198 -37.67497 367
-73.07112 -38.3978 367
-72.5135 -38.13144 367
-72.49824 -36.99828 367
-72.72869 -37.64969 367
-73.00765 -37.92984 367
-72.90971 -38.34002 367
-72.68986 -37.70379 367
-72.55215 -38.06733 367
-72.89851 -38.33705 367
-72.68504 -37.68631 367
-72.2876 -38.08057 367
-72.7283 -37.6488 367
-72.93973 -38.21376 367
-72.88533 -38.34527 367
-72.58517 -37.19356 367
-72.39039 -38.01541 367
-72.71432 -37.65847 367
-73.03876 -38.4404 367
-72.10352 -38.01079 367
-72.83443 -38.05512 367
-72.72767 -37.64154 367
-72.5538 -38.06374 367
-72.44604 -37.76278 367
-72.84634 -38.25118 367
-72.78986 -38.25458 367
-72.79088 -38.30006 367
-72.55259 -38.06948 367
-72.37513 -38.14911 367
-72.55737 -38.06385 367
-72.90702 -38.21242 367
-72.83887 -38.2268 367
-72.67635 -37.69173 367
-72.89332 -38.30422 367
-72.83904 -38.2214 367
-72.41146 -37.71957 367
-72.93391 -38.24313 367
-72.82428 -38.27377 367
-72.79886 -38.06314 367
-72.79196 -38.28407 367
-72.83607 -38.05363 367
-72.78913 -38.38823 367
-72.78503 -38.28356 367
-72.45161 -37.74577 367
-73.0101 -38.36084 367
-72.51395 -36.7062 367
-72.37592 -38.14791 367
-72.45146 -37.75152 367
-72.84516 -38.38863 367
-72.88949 -38.40269 367
-72.36941 -38.04989 367
-72.90437 -38.34016 367
-72.88839 -38.25896 367
-72.69697 -37.65659 367
-72.8226 -38.2719 367
-72.38734 -38.01618 367
-72.52416 -38.13194 367
-72.86403 -38.42532 367
-73.051 -38.12567 367
-72.91965 -38.24253 367
-71.84348 -36.83379 367
-73.01076 -38.46101 367
-72.68813 -37.69809 367
-72.89516 -38.39893 367
-72.81277 -38.05511 367
-72.18407 -37.25439 367
-72.84634 -38.42953 367
-72.70232 -37.6696 367
-72.89283 -38.38984 367
-72.68334 -37.7037 367
-72.83047 -38.05338 367
-72.06186 -38.30556 367
-72.50736 -38.13242 367
-72.89449 -38.38449 367
-72.684 -37.69791 367
-73.06741 -37.10481 367
-72.36668 -38.04873 367
-72.81931 -38.05876 367
-72.89113 -38.38501 367
-72.81886 -38.26932 367
-72.70966 -37.58536 367
-72.56756 -38.0701 367
-72.88487 -38.39068 367
-72.10078 -38.01813 367
-72.44892 -37.72838 367
-72.84364 -38.22748 367
-72.69265 -37.70413 367
-72.79001 -38.28826 367
-72.99548 -38.44253 367
-72.88537 -38.39258 367
-73.0508 -38.11971 367
-72.84221 -38.22316 367
-72.68246 -37.70948 367
-72.69248 -37.69855 367
-72.06398 -38.30009 367
-72.56751 -38.0759 367
-72.32983 -38.11121 367
-72.56801 -38.07166 367
-72.84295 -38.22787 367
-72.81739 -38.06296 367
-72.82845 -38.05752 367
-72.78958 -38.43345 367
-72.68777 -37.7039 367
-72.71413 -37.51259 367
-72.73443 -37.52777 367
-72.74615 -37.49099 367
-72.84917 -38.43607 367
-72.80877 -38.0524 367
-72.7904 -38.43206 367
-72.65791 -37.59987 367
-72.36369 -37.99779 367
-72.7281 -37.50603 367
-72.52657 -38.13165 367
-72.6805 -37.69193 367
-72.4502 -37.72725 367
-72.66692 -37.57526 367
-72.17901 -37.24014 367
-73.00476 -37.93283 367
-72.87132 -38.4246 367
-72.6958 -37.52382 367
-73.07529 -38.41003 367
-73.08506 -37.10519 367
-72.68866 -37.6923 367
-72.88943 -38.39677 367
-72.7443 -37.48368 367
-72.83018 -38.05925 367
-72.10131 -38.01628 367
-72.68452 -37.69211 367
-72.8196 -38.4514 367
-72.79751 -38.29021 367
-72.83815 -38.22725 367
-72.84166 -38.41669 367
-72.70498 -37.5182 367
-73.02831 -38.35468 367
-72.81897 -38.06462 367
-72.79555 -38.28848 367
-72.74079 -37.49204 367
-72.71323 -37.50894 367
-72.31003 -38.11026 367
-72.215 -37.89219 367
-73.05198 -38.11914 367
-73.28108 -38.05751 367
-72.69263 -37.6983 367
-72.75029 -37.57829 367
-72.79082 -38.4164 367
-72.70709 -37.50631 367
-72.78783 -38.29597 367
-72.99814 -38.0932 367
-72.38799 -37.76939 367
-73.07459 -38.40091 367
-72.67776 -37.69783 367
-72.78662 -38.28982 367
-72.67262 -37.69884 367
-73.0727 -38.40383 367
-72.67091 -37.55159 367
-72.71308 -37.61528 367
-72.79562 -37.43282 367
-72.72819 -37.48685 367
-72.93591 -38.20919 367
-72.74744 -37.51374 367
-72.44493 -37.66946 367
-72.70947 -37.60452 367
-73.04483 -37.16011 367
-72.71108 -37.50171 367
-72.87907 -36.52995 367
-72.19447 -37.9054 367
-72.72849 -37.55955 367
-72.70257 -37.69875 367
-72.89196 -38.43009 367
-72.14314 -37.93007 367
-72.1968 -37.90305 367
-72.90023 -38.39916 367
-72.70757 -37.59724 367
-72.7201 -37.4961 367
-72.7251 -37.49512 367
-72.82896 -37.22182 367
-72.70631 -37.62806 367
-72.67347 -37.68781 367
-72.45497 -37.72584 367
-72.8987 -38.42611 367
-72.70658 -37.59361 367
-72.67506 -37.54697 367
-72.67146 -37.68059 367
-72.67644 -37.69867 367
-72.73423 -37.54313 367
-72.7344 -37.48946 367
-72.71787 -37.59522 367
-72.73022 -37.49412 367
-72.7085 -37.60088 367
-72.69989 -37.62549 367
-72.70287 -37.63637 367
-73.27961 -38.05391 367
-73.09071 -37.14322 367
-72.67247 -37.6842 367
-72.71045 -37.62343 367
-72.71689 -37.59159 367
-72.70522 -37.62445 367
-72.70659 -37.61272 367
-72.71176 -37.61171 367
-72.71068 -37.58899 367
-72.86908 -36.51513 356.54
-72.87484 -36.51063 356.4
-72.72182 -37.60626 328.64
-72.71255 -37.6409 330.42
-72.00811 -37.50513 330.64
-72.75542 -37.51545 330.58
-72.81197 -38.05494 330.89
-72.30736 -38.0572 331.25
-72.27976 -37.97575 330.15
-73.03555 -38.42233 330.31
-72.48848 -36.94667 331.22
-72.72501 -37.62976 331.55
-72.67956 -37.70102 329.75
-72.7252 -37.50237 331.37
-73.06892 -38.36485 331.41
-72.87312 -38.18353 332.71
-72.36066 -38.139 330.77
-72.19769 -37.20874 332.65
-73.04251 -38.05104 330.19
-72.98589 -38.27944 330.72
-73.04048 -38.42365 332.34
-72.82219 -38.04011 331.69
-72.01047 -37.4996 330.87
-72.88531 -38.3567 332.71
-72.39071 -37.77171 330.73
-72.38047 -38.00344 330.38
-72.89972 -38.2749 332.45
-72.58283 -37.21478 333.74
-72.57423 -37.1882 335.17
-72.57514 -37.19305 335.68
-72.87898 -38.27623 334.48
-72.8251 -38.27682 333.74
-72.79305 -38.33231 336.79
-72.99852 -38.09976 335.54
-72.40502 -38.14464 334.74
-72.35918 -38.05518 332.7
-72.40591 -38.14362 335.58
-72.58286 -37.20268 332.82
-72.90427 -38.40328 333.76
-72.4478 -37.75015 336.96
-72.3588 -38.06091 337.33
-72.58466 -37.20507 337.85
-72.3443 -38.05451 340.8
-72.79607 -38.29818 339.76
-73.0686 -38.40492 207.93
-72.13389 -37.94609 207.93
-73.05217 -38.36048 299.58
-72.58266 -37.20551 338.29
-72.34782 -38.00124 207.93
-72.91168 -38.21261 305.02
-72.58217 -37.21126 339.3
-72.98454 -38.27683 307.22
-72.81876 -38.453 356.64
-72.4622 -37.74206 207.93
-72.86246 -37.17847 207.93
-72.69588 -37.68097 313.94
-72.73323 -37.6483 207.93
-73.07017 -38.40866 207.93
-72.57202 -37.18153 312.89
-72.79796 -38.43573 343.76
-73.26914 -38.05914 282.08
-72.98533 -37.15975 316.03
-72.39477 -38.01562 207.93
-73.07597 -37.27383 207.93
-73.0694 -38.41084 207.93
-72.91995 -38.23662 301.36
-72.81351 -38.06121 318.71
-72.89568 -38.3911 207.93
-73.04844 -38.35949 207.93
-72.94088 -38.20196 207.93
-72.78825 -38.2494 313.06
-72.76509 -37.51796 207.93
-72.84489 -38.38911 351.01
-72.89599 -38.39305 207.93
-72.82358 -38.45314 350.07
-73.00434 -38.37082 312.42
-72.10307 -38.01931 207.93
-72.80313 -38.06429 207.93
-72.39241 -38.01757 322.86
-73.04602 -38.36459 207.93
-72.50944 -38.12703 367
-73.08012 -38.41133 367
-72.40761 -37.71509 367
-72.45578 -37.74632 367
-72.56988 -37.18701 367
-72.76134 -37.51695 367
-72.88293 -36.53098 367
-72.89978 -38.39718 367
-72.7313 -37.64753 367
-72.45796 -37.7409 367
-73.07383 -38.40628 367
-72.70149 -37.67539 367
-72.89062 -38.39282 351.13
-72.72852 -37.64808 367
-72.8438 -38.42306 351.07
-72.72321 -37.48479 367
-73.07616 -38.40694 367
-72.8902 -38.39089 350.37
-72.80945 -38.06012 367
-72.89599 -38.43117 367
-73.12527 -38.40835 367
-73.07716 -38.404 367
-72.79195 -38.29707 367
-72.89912 -38.40308 367
-73.07105 -37.27362 367
-73.07478 -38.40416 367
-72.90011 -38.43226 367
-73.07909 -38.40766 367
-72.69713 -37.6752 367
-72.34377 -38.00418 367
-73.08421 -37.26154 339.32
-72.87015 -36.50935 342.56
-72.85863 -36.48803 342.16
-72.25528 -38.33503 305.33
-72.85642 -36.4935 337.17
-73.49669 -37.735 298.4
-72.86785 -36.52086 348.95
-72.87369 -36.51638 355.74
-71.93227 -36.94983 300.21
-71.93035 -36.96138 299.62
-73.58095 -37.19737 301.6
-72.86308 -36.48924 341.36
-73.09528 -37.09531 301.95
-73.49551 -37.73128 305.05
-72.99841 -36.95702 306.83
-72.9866 -36.95934 299.02
-72.88886 -36.47194 306.12
-73.07733 -37.09499 304.6
-72.86077 -36.49468 346.55
-73.60238 -37.19487 309.19
-73.59079 -37.1972 306.04
-72.896 -36.73372 299.6
-72.87992 -36.46196 300.79
-73.58547 -37.19827 307.43
-72.86777 -36.46048 298.9
-72.83269 -36.80169 304.04
-72.94918 -36.62483 312.36
-72.90244 -36.5163 299.96
-72.8877 -36.46825 308.01
-72.90202 -36.6778 300.71
-72.91333 -36.7342 304.77
-72.87206 -36.47531 301.6
-72.88029 -36.5011 300.44
-72.91442 -36.73789 302.8
-72.88463 -36.55506 301.85
-73.58408 -37.19454 306.17
-72.98814 -36.96294 313.36
-73.59151 -37.19521 308.83
-72.9155 -36.74158 307.53
-72.87749 -36.78418 307.39
-72.89561 -36.47451 308.03
-73.6079 -37.1838 298.93
-72.90488 -36.50405 314.1
-72.87244 -36.45914 322.07
-73.58944 -37.19346 301.5
-72.9443 -36.59048 302.92
-71.93732 -36.94888 317.73
-72.94128 -36.63816 312.99
-72.86937 -36.79046 310.28
-72.90363 -36.48076 310.98
-72.93371 -36.59652 315.1
-72.96561 -36.94785 299.81
-73.09386 -37.25649 306.27
-72.88806 -36.51421 337.8
-73.60133 -37.19108 315.37
-72.92789 -36.59768 308.73
-72.9101 -36.74265 299.34
-72.8651 -36.60234 303.8
-73.60147 -37.18513 301.57
-73.08894 -37.23793 311.35
-73.0659 -37.22297 309.75
-72.82352 -36.6857 304.51
-72.85221 -36.61663 315.86
-73.58616 -37.1963 318.76
-73.13164 -37.09587 318.52
-72.89027 -36.53296 334.8
-72.90592 -36.74738 316.34
-73.0425 -37.07458 305.03
-73.0471 -37.07691 303.93
-73.07245 -37.09989 310.47
-72.83431 -36.67087 301.67
-72.81052 -36.68719 316.62
-72.8749 -36.59649 300.41
-72.73668 -36.56066 307.52
-72.95874 -36.96092 306.46
-72.80074 -36.67354 301.81
-72.89647 -36.67891 311.37
-72.84986 -36.80215 321.57
-72.79679 -36.76495 310.8
-72.36494 -38.07243 300.49
-72.87379 -36.5928 319.66
-73.04802 -37.08064 312.2
-73.08357 -37.09766 302.16
-72.87249 -36.78204 299.68
-72.77245 -36.6946 300.54
-72.90026 -36.50889 321.17
-72.75201 -36.75045 301.74
-73.04885 -37.08438 314.97
-72.81228 -36.77746 311.91
-72.79433 -36.69035 306.96
-71.98491 -36.94743 304.81
-72.89243 -36.59691 326.09
-71.99216 -36.96596 303.04
-73.08929 -37.09651 313.06
-72.86841 -36.59387 316.35
-72.88657 -36.759 306.11
-72.88211 -36.46937 301.7
-72.88573 -36.59433 305.63
-72.86946 -36.59757 312.54
-72.86281 -36.78788 301.01
-72.35981 -38.0734 302.3
-72.80418 -36.75183 302
-72.77792 -36.70649 303.43
-72.76409 -36.71701 302.32
-72.28925 -38.07178 311.16
-72.76624 -36.7593 300.64
-72.87922 -36.59171 316.43
-72.96426 -37.20818 305.34
-71.98997 -36.94647 303.52
-72.8912 -36.59324 308.17
-72.76735 -36.76296 328.13
-72.84454 -36.80322 310.37
-73.03889 -37.08313 312.78
-72.86822 -36.78679 326.18
-72.81117 -36.79322 308.67
-72.87637 -36.7805 306.55
-72.78339 -36.70539 303.97
-72.8736 -36.78572 329.45
-72.82033 -36.68139 309.28
-73.0713 -37.22189 325.16
-72.83322 -36.66719 324.37
-72.86407 -36.59864 326.5
-72.76038 -36.74104 310.89
-72.58616 -36.74448 307.45
-72.82143 -36.68507 323.96
-72.80984 -36.71569 304.08
-72.81407 -36.76544 315.66
-72.84786 -36.6214 318.43
-72.80614 -36.68529 317.83
-72.72916 -36.57378 311.95
-72.75995 -36.72171 302.37
-72.78496 -36.78279 317.81
-71.96973 -36.95027 310.23
-72.81792 -36.79579 304.92
-71.99101 -36.95002 302.88
-72.78455 -36.70905 309.06
-72.86879 -36.4642 325.87
-72.87785 -36.49374 328.62
-73.5963 -37.19609 335.37
-72.80608 -36.79144 329.55
-72.8261 -36.79911 327.84
-72.767 -36.74362 301.47
-72.88035 -36.5954 302.65
-72.8667 -36.78629 319.83
-72.7695 -36.71593 322.46
-71.97479 -36.94932 300.72
-72.78275 -36.77546 301.32
-72.89926 -36.50517 325.89
-72.76578 -36.73997 310.52
-72.56731 -36.65348 328.3
-72.77358 -36.7462 300.7
-71.98608 -36.96338 303.07
-72.80441 -36.79065 329.61
-71.93668 -36.97656 302.34
-72.78202 -36.73677 301.22
-72.81957 -36.79652 312.97
-72.63737 -36.57233 302.29
-72.51427 -36.57323 306.77
-72.81162 -36.67142 319.95
-72.78245 -36.75611 304.32
-72.79105 -36.6922 318.85
-72.58201 -36.74914 300.83
-72.96503 -36.96359 312.51
-72.7934 -36.75396 302.8
-72.81051 -36.68052 302.18
-72.78165 -36.7718 309.6
-71.99007 -36.95887 303.6
-72.8788 -36.47787 324.84
-72.7562 -36.74575 319.78
-72.76344 -36.73267 301.15
-71.98386 -36.94388 321.67
-73.07519 -37.21721 324.59
-72.49684 -36.6266 306.35
-72.87214 -36.78523 327.91
-72.53249 -36.68724 301.35
-72.78316 -36.74043 304.19
-72.80324 -36.78699 302.06
-72.81283 -36.79398 320.12
-72.85495 -37.17806 306.89
-73.11258 -37.2254 321.69
-72.98617 -37.17168 312.2
-72.80113 -36.76021 306.02
-71.97805 -36.9724 301.41
-72.82452 -36.7984 326.43
-72.78487 -36.7634 330.72
-73.05718 -37.08728 326.28
-72.29433 -38.07082 312.57
-72.50219 -36.5525 303.82
-72.64392 -36.57492 328.89
-73.07417 -38.03867 307.88
-72.83865 -36.66613 324.67
-72.78367 -36.75975 311.36
-72.87675 -36.49004 324.22
-72.98766 -37.12073 303.71
-72.78907 -36.75869 305.79
-72.81593 -36.67943 302.04
-73.59504 -37.19234 329.24
-72.78542 -36.74775 303.69
-72.89919 -36.52478 340.89
-72.79212 -36.683 309.83
-71.94275 -36.97914 325.74
-72.78386 -36.77913 325.94
-72.86464 -37.18779 328.41
-72.29028 -38.07531 327.3
-72.96384 -36.95991 321.4
-73.09775 -37.12616 313.46
-72.53458 -36.67529 307.84
-72.77119 -36.7389 318.86
-72.77003 -36.73525 321.83
-72.56621 -36.64984 320.48
-72.6516 -36.52306 313.93
-72.51958 -36.57219 333.3
-73.24195 -37.82542 304.59
-72.75689 -36.73008 318.35
-72.71513 -36.56488 307.48
-73.06373 -37.23512 329.17
-72.29942 -38.06986 303.41
-72.81367 -36.69157 309.7
-72.78864 -36.73935 301.86
-73.0942 -37.11512 329.37
-72.57478 -36.76211 331.13
-72.18662 -37.73183 328.34
-72.87642 -36.53528 340.42
-72.97186 -37.21444 314.89
-72.65225 -36.54618 320.34
-73.04047 -37.09064 310.86
-73.07034 -37.25334 314.2
-73.07455 -37.2486 308.46
-72.87155 -37.1748 321.97
-71.99239 -36.98463 304.71
-72.00358 -36.98624 306.2
-72.29536 -38.07435 313.04
-72.76112 -36.72536 309.94
-72.3606 -38.05829 326.65
-72.58375 -36.73724 328.61
-72.34662 -38.08337 307.71
-72.55818 -36.74614 303.04
-72.49651 -36.73261 302.96
-72.85678 -37.16608 305.13
-72.82504 -36.79543 314.31
-72.65033 -36.57754 313.11
-72.97537 -36.96154 316.22
-72.88905 -36.49151 341.72
-73.09422 -37.1347 309.21
-72.55044 -36.67219 340.55
-72.76397 -36.75197 323.81
-72.9631 -37.20452 317.72
-72.85026 -37.1635 305.44
-72.76889 -36.73159 312.66
-72.77475 -36.74986 307.9
-72.50266 -36.59089 307.2
-73.06638 -37.2424 312.2
-73.00742 -37.93383 312.47
-72.77827 -36.76081 315.01
-72.29644 -38.07788 330.13
-71.94882 -36.98172 303.59
-72.96951 -37.20713 332.19
-72.50153 -36.73164 310.19
-73.06023 -37.2241 319
-72.35949 -38.05476 313.43
-72.86609 -37.17588 321.42
-72.80837 -36.67983 319.03
-72.78005 -36.74881 314.76
-73.09891 -37.12985 329.5
-72.81701 -36.68311 342.3
-72.31334 -36.66184 311.8
-73.08004 -37.24751 316.14
-72.3482 -38.05315 302.73
-72.23466 -37.74888 306.91
-73.08073 -37.27079 310.92
-72.50465 -36.57896 305.57
-72.5155 -36.59608 314.65
-72.18803 -37.95504 322.22
-72.93674 -37.25252 304.69
-72.37122 -36.9952 314.12
-72.81663 -36.73771 309.36
-71.95386 -36.98076 319.81
-72.55173 -36.74356 305.22
-72.36459 -38.05379 315.95
-73.09189 -37.10775 326.62
-72.2946 -38.08942 302.47
-72.97791 -37.19766 309.46
-72.78227 -36.70173 332.42
-72.53002 -36.744 307.01
-72.51535 -36.75073 313.98
-72.77591 -36.75351 308.09
-72.62583 -36.57071 325.12
-72.64269 -36.53257 303.93
-73.00924 -37.20697 309.28
-72.59422 -36.55758 309.87
-73.07546 -37.27184 331.02
-72.17506 -37.06719 306.87
-72.80078 -36.69298 323.9
-72.88506 -38.13955 302.38
-73.10749 -37.22641 338.58
-72.50167 -36.88635 309.42
-73.08434 -37.24275 313.59
-72.30045 -38.0734 316.46
-72.57542 -36.74659 303.98
-72.59182 -36.55032 321.84
-72.51019 -36.59711 315.73
-72.5079 -36.58986 320.87
-72.56955 -36.76314 329.68
-72.54154 -36.74557 303.57
-72.889 -36.51112 338.97
-72.62582 -36.55138 312.82
-72.9843 -37.14868 311.22
-72.64166 -36.54826 322.18
-72.50785 -36.57063 303.74
-72.32316 -38.02427 305.61
-72.54803 -36.66496 314.2
-72.17294 -37.06007 312.68
-72.50443 -36.55976 304.44
-72.27762 -36.63443 304.51
-72.78785 -36.75504 311.24
-72.97925 -36.95687 343.57
-72.79456 -36.75761 320.79
-72.53403 -36.69462 313.6
-72.76157 -36.74469 338.03
-72.51313 -36.5696 311.45
-72.50401 -36.89355 322.59
-73.00647 -37.93017 325.03
-72.52457 -36.73487 304.36
-72.11903 -37.07792 303.23
-72.79971 -36.6893 333.76
-72.28554 -38.09485 320.97
-72.52551 -36.55563 305.62
-72.47144 -36.87695 317.91
-73.06901 -37.26921 319.36
-72.77889 -36.74516 318.37
-72.91026 -37.2965 304.41
-73.04079 -38.04134 313.03
-72.81502 -37.24566 307.8
-72.30684 -38.02364 303.15
-72.56848 -36.75951 331.21
-72.56252 -38.08841 320.97
-72.51842 -36.56857 318.34
-72.63403 -36.56137 309.7
-73.00275 -37.20437 314.55
-73.0388 -37.22837 309.91
-72.53426 -36.75854 321.43
-72.77061 -36.75455 321.68
-72.56523 -36.64618 313.08
-72.99915 -37.12234 305.17
-72.34123 -38.0657 307.67
-72.35036 -38.06023 306.8
-72.47246 -36.88058 315.1
-73.11413 -38.40583 304.5
-72.88394 -38.13595 303.04
-72.2075 -37.76522 306.56
-72.33298 -38.05604 311.75
-72.27545 -36.62724 304.33
-72.49164 -36.62761 335.67
-72.6331 -36.55768 306.2
-72.5005 -36.88275 321.04
-72.33258 -38.03743 303.76
-72.56744 -37.24945 305.73
-72.30791 -38.02717 303.13
-72.33147 -38.03389 311.89
-73.06503 -37.23877 337.83
-72.31298 -38.0262 307.35
-72.93008 -37.30425 330.24
-72.50035 -36.58364 326.31
-72.78889 -36.68484 333.47
-72.78124 -36.75246 314.14
-72.3391 -38.05862 303.73
-72.94075 -37.30216 307.86
-72.52512 -36.96219 305.73
-73.001 -37.93124 313.64
-72.78664 -36.7514 316.9
-73.06601 -37.25809 341.64
-72.54397 -36.7374 304.62
-72.9818 -37.19589 337.84
-72.55248 -36.76265 345.73
-72.35628 -38.04414 308.26
-71.98598 -37.53522 305.27
-72.52223 -36.73785 327.8
-72.98039 -37.17132 337.66
-72.48946 -36.90021 304.62
-72.80863 -36.71205 315.25
-72.34488 -37.77019 333.32
-72.36584 -38.00487 307.72
-72.9114 -37.30015 305.04
-72.97672 -37.15086 333.71
-72.5416 -36.9437 324.06
-72.79521 -38.01659 305.5
-72.30151 -38.07693 340.92
-72.53328 -36.69093 335.8
-72.19675 -37.7299 309.83
-72.31896 -38.0811 312.95
-72.76276 -36.74833 327.19
-73.05098 -38.11469 308.21
-72.56071 -36.65092 327.4
-72.4523 -37.68105 328.89
-73.0271 -37.2268 310.33
-72.82239 -37.21923 313.81
-72.81734 -37.25292 315.01
-72.37231 -36.99879 328.32
-72.48966 -36.5665 326.83
-72.59214 -37.20261 321.71
-72.5304 -36.96118 306.93
-72.30659 -38.07597 305.73
-72.03337 -37.47216 313.96
-72.36569 -38.05732 318.19
-72.10921 -37.99218 305.68
-72.51816 -36.73227 312.92
-72.20755 -37.22723 315.52
-72.88431 -37.28611 310.91
-72.36927 -36.99578 327.45
-72.96844 -37.20345 336.32
-72.50855 -36.5551 328.16
-72.37228 -36.98761 308.83
-73.01276 -37.11182 308.22
-72.89224 -36.52223 354.16
-73.08474 -37.26609 342.94
-72.51952 -36.73585 321.12
-72.29016 -36.63963 309.11
-72.32209 -38.02073 318.45
-72.34865 -38.0194 304.68
-72.34597 -37.77374 333.07
-72.99411 -37.16233 335.92
-73.07978 -37.26708 332.41
-72.49583 -36.9028 308.94
-71.93875 -36.98364 328.66
-73.04908 -37.24194 310.77
-72.27654 -36.63084 317.21
-72.64703 -36.56657 329.97
-73.00645 -37.10917 338.09
-72.29124 -36.64323 312.79
-72.98721 -37.17537 340.72
-72.88085 -38.1442 314.81
-72.59521 -37.16467 316.6
-72.32637 -38.03487 305.22
-72.49117 -36.97172 321
-72.8661 -37.17945 343.42
-72.99237 -37.17435 335.09
-72.89399 -37.28034 313.37
-72.25311 -37.60169 338.03
-71.98639 -37.50169 310.2
-72.81847 -37.25656 311.65
-72.50845 -36.908 307.88
-72.58316 -36.75277 346.2
-72.4581 -37.7177 315.31
-73.2316 -38.07125 315.71
-72.86094 -37.21559 305.83
-72.81422 -37.26126 319.22
-72.88148 -38.26948 307.67
-72.20319 -37.1942 317.06
-72.8732 -36.47899 343.69
-72.44971 -37.70798 311.01
-72.44862 -37.70441 311.3
-73.05133 -37.24929 314.04
-73.22638 -38.07228 315.44
-73.01443 -37.3162 319.07
-72.01743 -37.4995 324.08
-72.76233 -37.57882 306.84
-72.34418 -38.05766 323.88
-72.54053 -36.94008 311
-72.46047 -37.67192 327.97
-72.85632 -37.18167 345.46
-73.03275 -38.11058 320.09
-72.42184 -37.80806 322.39
-72.20402 -37.736 324.25
-73.03234 -37.22576 313.69
-72.92886 -37.30061 332.78
-72.4508 -37.71154 310.79
-72.32423 -38.0278 310.23
-72.81216 -37.27324 326.17
-73.0288 -38.1152 306.66
-73.2213 -38.0733 329.87
-72.84237 -37.22476 310.49
-73.23859 -38.05433 323.28
-73.59726 -37.19402 345.88
-72.03155 -37.48366 310.82
-72.59101 -37.199 316.87
-72.33103 -38.06762 315.51
-72.50798 -36.73424 332.56
-72.36386 -38.0689 335.75
-73.07772 -37.25968 332.92
-73.23594 -38.0665 312.72
-73.0014 -38.09754 312.22
-72.79272 -38.25251 306.84
-73.03146 -38.10699 335.06
-72.85757 -37.22398 308.29
-72.82568 -37.24354 307.56
-73.05066 -38.07625 310.96
-72.31914 -38.02877 317.02
-72.82018 -37.23124 315.77
-72.86195 -37.21926 307.23
-72.45114 -37.67749 322.68
-73.04158 -38.12038 304.48
-72.63109 -36.55034 339.85
-72.87196 -37.19409 325.33
-72.36988 -38.00035 334.38
-72.18344 -37.79213 307.82
-72.25795 -37.58201 326.04
-72.87652 -37.18933 313.15
-72.50276 -36.97327 313.46
-73.19487 -38.07854 305.37
-72.82462 -38.05662 328.36
-72.47447 -36.88783 337.13
-72.81705 -36.67035 349.24
-72.80616 -36.69194 334.88
-72.34138 -38.0133 317.66
-72.56836 -37.234 307.79
-72.3045 -38.0689 309.45
-73.23721 -37.83028 307.02
-72.84155 -37.22709 309.35
-73.21061 -38.0948 322.19
-72.3197 -38.06603 318.93
-72.54117 -36.73551 311.31
-73.08522 -37.24648 318.27
-72.31216 -38.04131 314.59
-72.17963 -37.74435 313.37
-72.6153 -36.55344 315.74
-73.0249 -38.11982 306.37
-72.48191 -36.89403 309.46
-72.34756 -38.01586 325.1
-72.30817 -38.0458 322.48
-72.0937 -38.01361 306.66
-72.82095 -38.38737 329.43
-72.49118 -36.8884 310.29
-73.01785 -37.11081 309.08
-72.15102 -37.89301 307.21
-72.18666 -37.79684 309.58
-72.4964 -36.88737 328.39
-71.97987 -37.53266 313.17
-72.95798 -38.25843 305.95
-72.33839 -38.02135 323.52
-73.22941 -38.06392 306.76
-72.33375 -38.04094 322.68
-72.84798 -37.22971 310.64
-73.18869 -38.07589 310.81
-72.44415 -37.69017 309.74
-73.19837 -38.08947 306.01
-73.00425 -38.08929 313.46
-72.94142 -38.22724 329.78
-73.1898 -38.07955 305.54
-72.02862 -37.49165 327.79
-73.05558 -37.26405 335.01
-73.0437 -37.243 312.15
-73.05418 -38.10636 323.8
-72.37965 -37.83115 311.55
-72.52624 -36.9658 310.47
-72.8166 -37.28781 318.34
-73.07669 -37.25598 347.15
-72.39854 -37.83884 328.75
-72.53316 -36.96347 316.14
-72.24475 -37.59204 322.28
-73.00951 -38.08825 307.76
-73.21843 -38.06222 311.19
-73.01574 -37.19703 328.7
-72.35439 -38.05573 327.7
-72.85825 -37.2216 312.12
-72.84259 -37.23075 310.73
-73.20731 -38.08382 312.99
-73.23487 -38.06283 310.76
-72.32079 -38.06955 329.2
-72.3874 -37.80336 310.67
-72.7572 -37.57983 325.17
-72.12587 -37.99647 305.38
-72.92953 -37.33313 331.93
-72.45393 -37.74113 331.43
-73.21077 -38.07539 306.56
-72.6288 -36.57344 331.14
-72.82241 -37.30596 305.75
-72.91045 -38.21421 316.38
-73.0588 -38.08619 329.87
-73.20222 -38.08484 305.73
-72.34352 -38.02038 318.92
-72.36906 -36.98801 328.09
-72.04556 -37.47731 306.98
-72.42583 -37.72007 308.03
-72.81915 -37.24097 330.7
-73.027 -38.07095 322.18
-73.20007 -38.07751 307.48
-72.4259 -37.80352 314.44
-72.50078 -36.95539 311.49
-73.05688 -38.07887 330.23
-73.19306 -38.07115 315.95
-73.03725 -37.24038 313.78
-73.04042 -38.11676 310.78
-73.00957 -38.38511 327.69
-72.21415 -37.73407 309
-73.1898 -38.06404 318.87
-71.98457 -37.50358 321.96
-71.98488 -37.53171 321.2
-72.84017 -37.2368 308.03
-73.21432 -38.06692 316.99
-72.0236 -37.49259 309.69
-73.18055 -38.08526 319.34
-71.98348 -37.50968 306.36
-71.98744 -37.50521 310.63
-73.04757 -38.10381 307.72
-72.77708 -36.75716 345.35
-72.44688 -37.76556 330.06
-73.02615 -38.36658 326.2
-73.04546 -37.25045 313.11
-72.86385 -38.38285 332.7
-72.40018 -37.75574 317.87
-72.39231 -37.78361 310.59
-72.81919 -37.3143 309.5
-72.21014 -37.73857 312.55
-72.51297 -36.73327 337.94
-73.01052 -37.10446 331.43
-73.01985 -37.28276 308.77
-72.327 -38.07212 337.65
-72.49755 -36.89098 347.46
-72.19917 -37.75559 307.72
-72.22128 -37.74019 312.39
-72.8322 -37.24611 311.86
-72.59293 -37.18714 318.48
-72.39252 -37.80238 306.42
-72.85271 -37.2056 314.87
-73.03763 -38.12501 312.65
-73.04841 -37.26156 329.91
-72.58862 -37.17267 318.47
-73.05815 -37.25184 334.91
-72.85437 -37.213 314.81
-72.86717 -38.41262 317.3
-73.05453 -37.26036 344.19
-72.42993 -37.71553 320.68
-72.192 -37.95057 328.92
-73.03902 -37.24783 310.38
-72.52946 -36.70319 306.89
-73.05354 -38.08723 322.65
-73.20448 -38.09214 310.72
-71.95393 -38.4273 306.16
-72.1219 -38.00093 317.65
-73.26991 -38.05974 308.14
-73.20908 -38.06797 309.91
-72.81761 -37.27217 329.22
-72.31059 -38.07148 307.77
-73.20337 -38.08848 310.09
-72.75622 -37.57619 327.98
-72.08871 -38.01454 307.63
-72.52263 -36.49725 331.95
-73.0075 -38.10018 308.31
-72.97581 -38.24729 329.4
-72.16486 -37.06915 308.39
-73.22046 -38.06958 323.28
-72.51788 -37.00475 330.21
-72.83 -36.79733 353.51
-72.43014 -37.76503 307.84
-72.45266 -37.74935 329.69
-73.20242 -38.06541 334.42
-73.19444 -38.09413 313.08
-72.41431 -37.80197 313.63
-71.99561 -37.51481 313.42
-73.19936 -38.07377 309.43
-72.20423 -37.19777 322.63
-73.09045 -38.38478 315.65
-73.00412 -37.12135 328.03
-73.03002 -38.11881 314.14
-73.05294 -37.23726 341.29
-73.20374 -38.06903 324.62
-73.00247 -38.10117 328.68
-72.52378 -36.70428 331.51
-72.22955 -37.74984 318.48
-72.39036 -37.79527 325.29
-72.96991 -38.24462 311.66
-72.31618 -38.03681 318.44
-72.75008 -37.57357 316.85
-73.0543 -37.24089 329.5
-71.99141 -37.50074 312.77
-72.39104 -37.83274 309.16
-72.58082 -36.74553 342.11
-72.8112 -37.28887 328.77
-72.31359 -38.06345 307.59
-73.03101 -38.084 307.48
-73.03976 -37.25158 310.59
-72.31462 -38.06699 317.81
-72.56803 -37.21495 322.83
-72.31677 -38.07405 342.45
-72.32127 -38.03584 306.84
-72.4132 -37.79842 318.82
-73.2148 -38.09009 329.91
-73.01946 -37.09876 312.34
-73.23299 -38.05544 335.75
-73.09716 -38.40919 341.1
-72.18453 -37.79565 327.01
-72.19006 -37.76104 312.03
-72.81422 -37.34831 315.12
-72.57175 -37.19129 320.03
-72.75449 -37.57366 320.43
-72.32236 -38.03937 308.77
-72.14786 -37.79878 308.87
-72.16027 -37.90615 309.86
-72.80291 -36.6809 343.84
-72.83614 -37.24147 315.16
-72.20185 -37.72894 331.34
-73.02747 -38.09239 309.51
-73.03291 -38.09132 309.55
-71.97196 -36.96982 337.31
-72.33547 -38.02939 342.82
-72.43102 -37.71909 307.43
-72.81769 -37.29145 320.74
-72.42823 -37.7767 311.93
-72.15465 -37.0711 325.78
-72.44562 -37.71254 318.05
-72.43983 -37.77823 344.09
-73.02664 -38.08871 310.96
-72.41146 -37.72659 307.49
-72.81484 -37.33827 325.14
-72.7461 -37.58292 313
-72.0685 -38.04663 307.79
-73.03204 -38.08764 309.21
-72.58798 -37.20724 309.59
-72.30956 -38.06794 313.17
-72.23244 -37.74182 307.28
-73.02909 -38.07823 309.81
-73.04871 -38.10744 327.52
-73.02577 -38.08503 308.31
-72.37933 -37.81243 315.3
-73.07336 -37.18182 313.47
-72.63506 -37.73284 327.05
-73.20842 -38.08748 307.8
-72.82032 -37.24461 339.08
-72.8269 -37.24717 332.62
-72.19378 -37.24581 307.79
-72.11285 -38.00633 319.18
-72.41039 -37.72302 317.35
-72.75546 -37.57729 341.66
-72.50432 -36.70807 328.78
-73.00314 -37.30547 311.08
-72.80344 -37.45823 309.74
-73.06326 -38.35553 334.82
-73.17939 -38.1358 328.53
-72.72134 -37.48053 313.83
-72.7459 -37.57822 319.06
-72.37637 -37.82051 318.12
-72.2122 -37.74566 307.21
-72.03841 -37.47121 324.49
-72.24583 -37.59558 329.95
-72.21314 -37.2383 332.85
-73.05915 -37.11819 309.93
-72.71613 -37.48156 310.79
-72.75304 -37.58448 309.2
-72.63496 -37.61147 308.27
-72.42558 -37.70127 330.32
-72.30856 -38.0644 316.75
-72.83871 -37.21606 315.81
-72.31726 -38.04034 314.51
-72.15757 -37.75971 308.73
-72.43929 -37.70996 309.54
-73.02593 -37.3049 310.96
-73.12981 -38.38482 321.04
-73.01464 -37.17387 313.6
-72.80432 -37.45646 312.37
-72.58689 -37.17392 315.21
-71.97701 -36.96886 339.78
-72.15463 -37.76772 316.8
-72.42501 -37.76601 311.73
-73.04359 -37.26641 313.5
-72.80743 -38.26485 332.45
-72.41342 -37.71491 317.03
-72.31326 -38.04484 324.64
-72.23138 -37.73828 315.33
-73.02288 -37.1098 310.01
-72.45286 -37.73756 316.26
-72.17459 -37.7453 339.22
-73.0099 -38.36974 343.62
-72.8917 -38.32793 335.62
-72.42715 -37.77314 309.92
-72.68148 -37.69769 312.27
-72.413 -37.67729 329.78
-73.00876 -37.31734 313.64
-72.81954 -37.45511 310.43
-73.21677 -38.07807 341.22
-72.818 -37.43232 309.57
-72.42933 -37.78025 309.86
-72.33717 -38.0702 341.84
-72.8128 -37.35022 328.96
-73.01598 -37.19392 337.24
-72.33038 -38.03036 344.71
-72.16007 -37.88759 308.95
-72.17079 -37.05294 327.63
-72.88342 -37.36937 309.25
-72.33889 -38.03997 329.25
-72.43787 -37.6876 342.54
-73.19851 -38.07007 344.4
-72.80231 -37.4546 313.48
-72.42236 -37.69058 317.32
-72.22733 -37.74279 313.14
-72.88459 -38.37884 329.3
-72.1163 -37.78237 314.95
-72.18587 -37.94801 310.33
-72.31834 -38.04387 308.28
-72.81137 -37.41052 309.16
-73.21609 -38.07433 330.09
-73.06535 -38.06948 344.08
-72.01039 -37.4839 342.7
-72.71285 -37.48987 309.58
-73.0101 -37.12405 313.65
-72.09959 -37.80976 310.13
-72.44304 -37.68661 324.8
-72.58459 -37.19643 314.01
-72.15509 -37.79916 320.56
-72.19113 -37.76457 308.98
-72.80008 -37.46115 324.1
-72.62126 -37.67505 317.11
-72.18198 -37.23206 312.93
-73.06167 -37.19647 316.41
-73.08746 -38.38806 321.3
-72.21161 -37.88164 315.85
-72.31511 -38.03327 342.77
-73.00535 -38.09292 340.72
-72.14001 -37.91951 310.59
-73.01889 -37.16913 318.35
-72.81269 -37.43335 326.33
-73.08183 -38.32502 330.06
-72.93338 -38.25175 331.6
-72.18822 -37.77258 312.95
-73.05056 -37.21432 325.34
-71.94378 -36.98268 337.91
-72.40751 -37.76186 311.88
-72.58323 -37.2464 332.28
-72.41798 -37.77867 308.95
-72.17753 -37.91037 308.23
-72.58213 -37.24279 308.14
-72.66419 -37.73858 314.69
-71.99355 -37.49819 315.28
-72.8913 -37.41418 316.2
-72.80119 -37.45097 325.15
-72.31258 -38.0599 311.39
-72.13547 -37.77504 332.6
-72.79341 -37.42556 311.15
-72.39948 -37.75896 335.42
-72.6569 -37.71716 311.68
-72.18181 -37.21331 309.78
-72.84206 -37.20768 334.98
-72.42286 -37.72818 323.44
-72.32186 -38.05442 326.27
-72.40236 -37.76285 316.29
-72.62151 -37.69401 321.43
-72.64301 -37.70464 313.33
-73.22648 -38.05286 330.52
-73.0357 -37.27964 313.57
-72.1909 -37.94705 323.86
-72.20638 -37.7617 322.54
-72.41157 -37.75731 320.94
-73.02508 -37.28174 317.75
-72.40667 -37.77709 315.28
-72.39342 -37.83981 323.93
-72.15796 -37.79689 326.98
-72.43846 -37.72521 313.48
-72.58271 -37.20827 314.52
-73.03098 -37.10036 308.37
-72.25093 -37.59461 319.76
-72.81389 -37.43697 319.72
-73.01767 -37.29486 310.69
-72.72556 -37.47587 310.72
-72.80926 -37.42248 311.13
-72.11334 -37.79036 334.75
-72.39612 -37.7603 330.67
-72.1801 -37.24369 325.85
-72.34812 -38.03447 316.55
-73.02881 -37.16328 321.6
-72.18398 -37.75846 311.87
-73.00535 -37.30634 322.67
-72.69913 -37.6638 329.85
-72.64246 -37.73901 326.07
-72.22028 -37.8912 331.75
-72.64167 -37.70536 314.37
-72.17167 -37.75332 334.13
-73.02074 -37.10241 322.23
-73.04986 -38.11106 353.68
-72.73167 -37.4785 314.2
-73.23049 -38.06758 337
-73.04124 -37.27856 319.61
-72.57905 -37.25103 310.78
-72.43406 -37.71097 331.04
-72.16305 -37.79594 327.43
-72.18424 -37.77706 315.58
-72.40763 -37.7499 335.4
-72.69028 -37.67416 336.41
-73.02992 -37.09667 311.1
-72.43233 -37.77214 314.32
-72.40535 -37.75475 322.81
-72.09836 -37.81174 311.36
-72.40045 -37.77452 311.88
-72.66871 -37.72247 322.36
-72.62346 -37.68223 310.12
-72.80518 -37.42712 331.21
-72.19411 -37.21849 313.94
-73.00249 -38.44313 323.41
-72.67842 -37.68686 318.45
-72.35336 -38.03347 315.5
-72.39626 -37.83175 315.43
-72.81587 -37.32266 332.17
-72.66264 -37.71984 319.58
-72.33332 -38.02232 328.73
-72.82256 -37.2385 341.17
-72.64793 -37.63562 331.6
-72.7444 -37.529 329.99
-73.06032 -37.12187 310.34
-73.07901 -37.2438 345.31
-72.66514 -37.72697 317.24
-73.22447 -38.0649 347.7
-72.10688 -38.00373 331.9
-72.1653 -37.90521 311.8
-72.21329 -37.74918 338.05
-72.1973 -37.76714 323
-72.43951 -37.72878 312.49
-72.33612 -38.06666 338.73
-73.03457 -37.27597 310.69
-72.6413 -37.61404 318.5
-72.3202 -38.0323 332.86
-72.08405 -37.79955 309.13
-72.13338 -37.76799 338.53
-72.76963 -37.50941 331.99
-72.22842 -37.74632 322.28
-72.63699 -37.67201 312.47
-72.66633 -37.70061 312.9
-72.17921 -37.90831 321.86
-73.00636 -38.09656 333.4
-72.4201 -37.78579 320.62
-73.03077 -37.19407 313.17
-72.10236 -37.80728 317.28
-73.04531 -37.29333 331.38
-72.1597 -37.76676 314.43
-72.8139 -37.45071 312.89
-72.20425 -37.75463 339.18
-73.05252 -37.13124 324.4
-72.09436 -37.8162 313.43
-72.43295 -37.70741 313.57
-73.22345 -38.06123 344.47
-72.40997 -37.68541 346.46
-72.41508 -37.68443 334.57
-72.65043 -37.59368 312.68
-73.04012 -37.27488 310.39
-73.04427 -37.28964 329.95
-72.63076 -37.6161 321.99
-72.7459 -37.47315 316.25
-73.01542 -37.30043 317.78
-72.12029 -37.7779 342.09
-72.77757 -37.46175 324.06
-72.77662 -37.44419 330.15
-72.84039 -37.43182 315.63
-72.6657 -37.71163 314.37
-72.68951 -37.52122 316.16
-72.73264 -37.65411 332.1
-72.17688 -37.23302 337.88
-72.69514 -37.6684 332.39
-73.03296 -37.17806 334.02
-72.43315 -37.7569 317.9
-72.71964 -37.61782 312.63
-72.43208 -37.75333 316.43
-72.66758 -37.71888 319.52
-72.16719 -37.8937 311.14
-72.39224 -37.83627 332.92
-72.13809 -37.93103 309.83
-72.18602 -37.22754 322.38
-72.71399 -37.49347 315.89
-72.90608 -38.18895 331.49
-72.78667 -38.42052 347.04
-72.19785 -37.73343 346.12
-72.15608 -37.89206 327.21
-72.57829 -37.1641 341.45
-72.18714 -37.76905 314.18
-72.15903 -37.91216 318.2
-72.73691 -37.47747 312.55
-72.40154 -37.77808 319.98
-72.78191 -37.46237 330.41
-72.72729 -37.4832 324.42
-72.67831 -37.70591 334.62
-72.78821 -37.465 323.95
-72.81379 -37.31536 349.18
-72.80405 -37.4235 339.25
-72.50677 -36.69991 327.95
-72.63586 -37.71746 333.71
-72.17017 -37.91376 314.64
-72.63396 -37.72924 329.28
-72.42418 -37.78125 326.36
-73.03092 -37.17067 319.75
-72.52316 -36.70057 333.26
-72.81185 -37.44891 317.05
-72.39935 -37.77096 315.72
-72.43552 -37.75216 311.81
-73.03301 -37.10778 313.55
-72.77649 -37.46342 320.84
-72.34017 -38.06216 348.62
-73.0658 -37.19173 331.6
-72.70908 -37.63898 317.26
-72.17776 -37.21783 315.48
-73.06983 -38.06401 335.7
-72.41987 -37.73629 326.23
-73.01984 -37.17284 326.59
-72.81703 -37.30701 339.98
-72.34245 -38.01684 344.97
-72.42289 -37.75888 324.12
-73.05241 -37.09216 353.74
-72.79163 -37.45666 327.8
-72.82779 -37.23748 330.28
-72.43736 -37.72165 315.23
-72.4199 -37.767 313.73
-72.44118 -37.69829 344.76
-72.42885 -37.71196 337.48
-72.95089 -37.34827 334.9
-72.78624 -37.4577 333.44
-72.19353 -37.89248 310.91
-72.18314 -37.77353 311.26
-73.05928 -38.06683 338.75
-72.72408 -37.59783 312.82
-72.80765 -37.45356 336.75
-73.048 -38.12297 324.23
-72.32529 -38.03134 349.28
-72.44572 -37.76201 344.04
-72.43442 -37.7486 319.32
-72.57378 -37.25204 342.92
-72.66093 -37.71256 318.24
-72.79021 -37.46695 327.32
-72.43333 -37.74503 322.8
-72.65287 -37.73698 335.25
-72.22337 -37.74727 322.66
-72.78724 -37.456 327.64
-72.45413 -37.66937 351.26
-72.16889 -37.06461 341.13
-73.03825 -37.10673 316.71
-72.21725 -37.7447 328.44
-73.05574 -37.24451 342.46
-72.44067 -37.75118 319.48
-72.81963 -37.34724 324.79
-73.09059 -37.24541 353.49
-72.34925 -38.03799 334.68
-72.42176 -37.72462 345.03
-72.21548 -37.75624 332.33
-72.17939 -37.89885 322.59
-72.43423 -37.76046 316.46
-72.78381 -37.46437 329.54
-72.17564 -37.21072 342.67
-72.66663 -37.71525 326.62
-73.02186 -37.10609 322.68
-73.07616 -37.16956 331.66
-72.39828 -37.76741 320.37
-72.1199 -37.99389 324.93
-72.3544 -38.03702 321.46
-72.10719 -37.78779 341.92
-72.65858 -37.69069 312.99
-72.76379 -37.47216 318.95
-72.13107 -37.93745 349.15
-72.40345 -37.76641 319.49
-72.6599 -37.70895 310.86
-72.66824 -37.70785 313.6
-72.66245 -37.70517 316.42
-72.16111 -37.91921 315.4
-72.45045 -37.74223 350.66
-72.19798 -37.90655 322.33
-72.44668 -37.7161 334.22
-72.43098 -37.74977 322.42
-72.10783 -38.00726 342.45
-73.0565 -38.37217 325.7
-72.76173 -37.4701 317.97
-72.14931 -37.93262 331.74
-73.06445 -38.0658 346.77
-73.18465 -38.08057 332.61
-72.7828 -37.46604 323.5
-72.34408 -38.03898 342.35
-73.04994 -37.12394 327.21
-72.18546 -37.91489 339.55
-72.22425 -37.73215 352.58
-72.40858 -37.76542 313.1
-73.05307 -38.10273 332.75
-73.22541 -38.0686 352.73
-72.35737 -38.02896 344.18
-72.66467 -37.70802 318.53
-73.05392 -37.13488 329.88
-72.79804 -38.27047 348.59
-72.57594 -37.25926 338.24
-72.65125 -37.6464 313.44
-72.19511 -37.76009 333.3
-72.20458 -37.23531 318.88
-73.28532 -38.05277 340.91
-72.41278 -37.74892 323.61
-72.17596 -37.76743 330.32
-72.65151 -37.6654 320.36
-72.54836 -38.0663 335.2
-72.22449 -37.7508 345.71
-72.63911 -37.72824 322.21
-72.81181 -37.46268 333.23
-72.16704 -37.79147 334.28
-72.17674 -37.75236 315.32
-72.41447 -37.71848 345.14
-72.66344 -37.70877 317.01
-72.95201 -37.35193 334.97
-72.44532 -37.74322 329.93
-72.66051 -37.64079 319.9
-72.11103 -37.99926 320.19
-72.14124 -37.06239 322.53
-72.41265 -37.76086 322.17
-72.38605 -37.78106 348.97
-72.3344 -38.02586 345.95
-72.20824 -37.75014 331.87
-72.11419 -37.99125 325.32
-72.44876 -37.74211 336.15
-72.62981 -37.68481 312.12
-72.4477 -37.73854 329.06
-72.33877 -37.99881 345.49
-72.16462 -37.05037 327.15
-72.39638 -37.77907 333.52
-72.81113 -37.35663 347.33
-72.09616 -38.01223 330.43
-72.17912 -37.77802 314.97
-72.42393 -37.73174 321.11
-72.63068 -37.71847 336.87
-72.18152 -37.9059 323.8
-72.41373 -37.76442 328
-72.66948 -37.70708 316.35
-72.43326 -37.7262 327.54
-72.79899 -37.45752 334.67
-73.09213 -38.39211 339.3
-72.41387 -37.75248 325.88
-72.67483 -37.65326 315.97
-73.06881 -37.18661 336.09
-72.43034 -37.75313 324.44
-72.43755 -37.77113 328.87
-72.67045 -37.7107 316.24
-73.0322 -38.14276 330.25
-73.03347 -37.29176 347.37
-72.62952 -37.66585 345.87
-72.92897 -37.36811 343.89
-72.66723 -37.70424 321.64
-72.16877 -37.76133 344.94
-72.11597 -37.99833 326.41
-72.42521 -37.7541 321.62
-72.83339 -37.21709 345.66
-72.43436 -37.72976 331.98
-72.18203 -37.77001 321.54
-72.73685 -37.55028 326.71
-72.17415 -37.90928 321.58
-72.91692 -37.38597 334.08
-73.04921 -37.15535 330
-72.43483 -37.69573 336.23
-72.00453 -37.5094 339.24
-72.42641 -37.78835 326.31
-72.4147 -37.73727 338
-72.98453 -37.33383 318.87
-72.40981 -37.75702 341.66
-72.3742 -37.8134 335.86
-72.64645 -37.73442 330.32
-72.67895 -37.62957 320.08
-73.03719 -37.10303 317.07
-72.67146 -37.71432 323.38
-72.82281 -37.39287 321.27
-72.81571 -38.06766 333.93
-72.42988 -37.74622 326.12
-72.7147 -37.60349 318.6
-72.81563 -37.40583 324.47
-72.1834 -37.89438 338.65
-72.43343 -37.7757 328.42
-72.18771 -37.90847 327.93
-72.51193 -36.71428 348.45
-72.16095 -37.78889 311.8
-72.14104 -37.92303 334.85
-73.05504 -37.10337 323.73
-72.79565 -37.46587 333.76
-72.4435 -37.7549 336.77
-72.13411 -37.9355 338.07
-72.75542 -37.46749 331.8
-72.41454 -37.74919 324.01
-73.06113 -37.15689 327.84
-72.41879 -37.73272 347.49
-72.65833 -37.6336 317.04
-72.44362 -37.72423 336.46
-72.7788 -37.45146 330.91
-72.18101 -37.76648 345.21
-72.39529 -37.77552 325.99
-72.39838 -37.75541 338.07
-72.20588 -37.89762 331.35
-72.17645 -37.90685 322.9
-72.09731 -37.80822 321.33
-72.17538 -37.90333 329.8
-72.76785 -37.46752 328.32
-72.11691 -38.00186 336.89
-73.09311 -37.131 349.82
-72.63252 -37.65765 337.74
-72.79697 -37.45563 343.74
-72.66846 -37.66973 314.42
-72.43594 -37.69929 335.52
-72.08616 -37.80659 345.22
-72.80746 -38.24583 332.95
-72.18694 -37.95152 344.68
-73.07417 -38.06178 342.17
-72.87514 -38.4187 347.76
-72.43958 -37.74762 325.08
-72.71702 -37.61068 338.07
-72.16369 -37.76228 346.57
-72.71257 -37.63066 334.52
-72.86842 -37.43023 344.54
-72.76878 -37.47118 328.49
-72.37949 -38.002 338.92
-72.68076 -37.63686 321.13
-72.71823 -37.58065 327.17
-72.16805 -37.90672 325.78
-72.68373 -37.60956 316.46
-72.01356 -37.49446 332.41
-72.67977 -37.65231 317.81
-72.64344 -37.62125 332.19
-72.76485 -37.47579 326.16
-73.27695 -38.06223 316.75
-73.02322 -37.14877 335.49
-72.67269 -37.62698 314.94
-72.81516 -37.4598 344.83
-72.17223 -37.89275 323.47
-72.77583 -37.49283 332.39
-72.76055 -37.46128 328.32
-72.13522 -37.93901 340.71
-72.77306 -37.46649 333.52
-73.05347 -37.20592 338.64
-72.44193 -37.68304 349.07
-72.31798 -38.10927 346.06
-72.6676 -37.69982 325.84
-72.41405 -37.68086 342.84
-72.63891 -37.66022 315
-72.45182 -37.73399 340.84
-72.82323 -37.2363 350.59
-72.41495 -37.75605 321.89
-72.44128 -37.74778 322.85
-72.58155 -37.17494 328.51
-72.42756 -37.7919 331.46
-72.57817 -37.19386 349.47
-72.09455 -37.81073 325.55
-72.14256 -37.0847 341.86
-72.66848 -37.70347 328.94
-72.69778 -37.51196 336.95
-73.03912 -37.12609 326.04
-72.42094 -37.73985 323.21
-72.78085 -37.43954 343.98
-72.03551 -37.4792 330.83
-72.14932 -37.05331 328.57
-72.99733 -37.31962 325.37
-72.43705 -37.70285 343.57
-73.05394 -38.10233 349.06
-72.68987 -37.65034 316.63
-72.55354 -38.06176 347.48
-72.58121 -37.25824 330.87
-72.356 -38.13772 342.06
-72.67868 -37.61055 321.43
-73.01102 -38.04852 345.52
-72.43532 -37.76402 327.04
-72.68317 -37.62494 315.16
-72.16425 -37.90169 340.63
-72.70762 -37.54829 317.45
-72.73376 -37.55853 337.6
-73.05307 -37.18971 318.54
-72.13918 -37.93454 327.5
-72.82976 -38.03654 343.47
-72.67856 -37.59148 320.46
-72.82623 -37.22797 350.35
-72.71448 -37.61883 349.2
-72.68276 -37.64409 328.68
-72.69506 -37.64933 322.94
-72.40643 -37.7583 345.4
-72.55617 -37.23315 346.04
-72.43895 -37.69117 348.35
-72.28629 -38.10773 327.9
-72.11897 -37.99035 335.71
-72.21816 -37.72957 346.32
-72.38692 -37.76584 326.91
-73.00878 -37.30437 341.88
-72.63577 -37.64921 340.96
-72.71499 -37.56981 317.75
-72.77123 -37.47838 316.56
-73.04219 -37.19184 327.61
-72.01752 -37.49 354.91
-72.4382 -37.70641 346.76
-72.71927 -37.58427 329.36
-72.77031 -37.46078 336.67
-72.78647 -37.47537 322.74
-72.69416 -37.64569 325.67
-73.12746 -38.36603 349.38
-72.41884 -37.76344 330.71
-72.93365 -38.19973 340.18
-72.75128 -37.58193 346.93
-72.79256 -37.45494 336.65
-72.18658 -37.90495 337.55
-72.41777 -37.75988 327.83
-73.08794 -37.25766 352.29
-72.21291 -37.24502 348.21
-73.0694 -37.13179 336.81
-72.20198 -37.90208 338.18
-72.78557 -37.47171 331.22
-72.10607 -38.00018 339.97
-73.05598 -37.10709 328.2
-72.43832 -37.7559 331.91
-72.66349 -37.63259 319.2
-72.93238 -38.25153 343.57
-72.00636 -37.49789 328.62
-72.08768 -38.01103 323.79
-72.67448 -37.67238 315.9
-72.64001 -37.66381 315.81
-73.03007 -37.11617 328.78
-72.15608 -37.92017 326.99
-72.16199 -37.79242 344.63
-72.7137 -37.59986 337.01
-72.68591 -37.63585 317.61
-72.43266 -37.6886 348.09
-72.21623 -37.74115 341.55
-72.69275 -37.60398 325.24
-72.7487 -37.51733 335.71
-72.6506 -37.68081 332.51
-72.67694 -37.62234 318.92
-72.92007 -38.24829 334.82
-72.64 -37.71284 328.81
-72.6284 -37.66225 352.33
-72.57705 -37.19025 356.2
-72.1573 -37.91414 349.12
-72.15441 -37.05233 333.78
-72.44164 -37.76657 347.26
-72.15318 -37.92816 344.96
-73.02073 -37.29937 321.5
-72.39013 -37.77651 335.83
-72.64222 -37.67101 331.76
-72.69083 -37.65397 316.52
-72.67374 -37.63059 325.83
-72.69904 -37.60656 317.28
-72.63365 -37.66124 328.69
-72.5854 -37.25362 348.12
-72.21384 -37.88868 331.84
-73.07983 -37.14537 327.32
-72.40953 -37.73825 353.15
-72.63535 -37.70276 317.31
-72.72743 -37.59552 339.12
-72.68227 -37.5341 329.16
-72.69328 -37.58927 318.97
-72.44581 -37.7502 331.63
-72.18797 -37.75397 346.71
-72.41563 -37.75275 324.43
-73.04279 -37.18854 338.65
-72.63861 -37.71355 329.33
-73.06905 -37.18326 351.58
-72.76593 -37.46545 335.6
-72.72874 -37.63575 336.77
-72.66607 -37.60538 316.9
-73.03483 -38.44444 352.13
-72.6686 -37.63159 316.3
-72.99036 -37.15137 351.26
-72.71079 -37.57444 325.61
-73.04036 -37.12975 325.44
-72.20356 -37.89993 337.31
-72.4464 -37.74679 332.33
-72.00137 -37.49884 329.92
-72.45097 -37.74923 347.07
-72.15211 -37.92464 340.15
-72.43849 -37.74406 340.21
-72.69187 -37.65758 319.2
-72.68761 -37.60498 327.49
-73.05834 -37.18542 322.03
-72.18319 -37.90382 336.23
-72.68217 -37.62132 318.3
-72.6799 -37.63321 323
-72.16824 -37.89722 325.53
-72.62486 -37.70477 331.82
-72.69506 -37.59205 321.49
-72.8239 -37.39651 335.56
-72.76604 -37.4794 327.01
-72.73826 -37.53851 338.4
-72.67984 -37.61414 334.8
-72.69419 -37.59291 322.03
-72.17814 -37.90479 330.42
-73.06207 -37.16062 335.14
-72.78126 -37.47641 325.17
-72.93067 -38.24463 340.14
-72.49494 -36.94524 340.17
-72.50472 -36.96141 337.14
-72.69123 -37.61573 322.04
-72.38825 -37.78815 351.92
-72.16006 -37.91569 333.13
-72.16928 -37.90075 349.32
-73.04882 -37.17494 336.78
-72.65865 -37.58448 328.29
-72.15714 -37.92369 349.21
-72.93877 -38.21965 338.47
-72.71373 -37.56622 317.7
-72.38499 -37.7775 342.16
-72.14148 -37.08114 333.78
-72.19964 -37.9044 337.8
-72.44004 -37.69474 349.65
-72.22025 -37.73666 345.6
-72.17834 -37.89533 348.97
-72.16911 -37.91024 327.56
-72.67164 -37.62337 318.93
-72.77773 -37.44783 348.05
-72.42199 -37.74342 329.87
-72.42503 -37.73531 338.39
-72.419 -37.75151 327.24
-72.7533 -37.47423 343.9
-72.98636 -37.34124 343.18
-72.69791 -37.60296 318.37
-72.64745 -37.66999 337.95
-72.69174 -37.60035 331.21
-72.68732 -37.62031 324.7
-72.11507 -37.99479 338.34
-72.68375 -37.66678 320.92
-73.02168 -37.30307 347.85
-72.20982 -37.89315 345.96
-72.41792 -37.74795 329.7
-73.07304 -37.10368 348.69
-72.67958 -37.5951 326.58
-72.67632 -37.60337 320.86
-72.5007 -36.99717 346.63
-72.18234 -37.89086 348.9
-72.17507 -37.78251 339.87
-72.67509 -37.56605 321.65
-72.17519 -37.88475 341.16
-72.73849 -37.64272 350.35
-72.68991 -37.59306 326.24
-72.4302 -37.73432 344.65
-72.18289 -37.75492 344.04
-72.44865 -37.7539 355.78
-72.95592 -37.34727 347.59
-72.18878 -37.73888 338.6
-72.00694 -37.50585 337.2
-72.66545 -37.67794 324.31
-72.44051 -37.76302 336.87
-73.22745 -38.05655 345.97
-73.00348 -38.44676 349.51
-72.10531 -37.99662 345.68
-72.66921 -37.59713 321.72
-72.18176 -37.25993 340.78
-72.67748 -37.60696 330.47
-72.40845 -37.73469 345.46
-72.67482 -37.6342 321.98
-72.69476 -37.53932 327.33
-72.21231 -37.25352 332.18
-72.68747 -37.5522 322.38
-72.42668 -37.70483 343.78
-72.43539 -37.73334 347.03
-72.75962 -37.47683 336.74
-72.66747 -37.68516 337.66
-72.69226 -37.58565 322.31
-73.0573 -37.18172 324.47
-72.18824 -37.90286 335.1
-72.67538 -37.59974 326.99
-72.68427 -37.56046 324.35
-72.01138 -37.49693 338.19
-72.67542 -37.70973 353.43
-72.69512 -37.56217 323.52
-73.07812 -37.12224 339.39
-72.66393 -37.61724 328.24
-72.66707 -37.609 323.64
-72.72111 -37.58693 345.84
-72.69311 -37.58479 326.33
-72.62728 -37.65866 320.79
-72.6889 -37.64672 330.32
-72.17308 -37.90576 344.66
-73.04107 -37.09444 348.46
-72.66506 -37.60176 321.18
-72.65992 -37.62184 324.94
-72.66835 -37.59787 322.31
-73.07364 -37.12704 331.17
-72.79988 -37.42815 351.26
-72.44056 -37.73236 353.09
-72.97453 -38.24485 345.16
-72.69241 -37.55124 319.87
-73.07732 -37.13804 329.15
-72.83256 -37.23058 354.51
-72.69759 -37.61831 323.53
-73.11394 -38.41137 352.28
-72.13841 -37.76705 343.92
-72.68139 -37.67867 329.48
-72.65884 -37.61824 334.01
-72.43942 -37.75945 345.2
-72.67336 -37.5925 325.29
-72.4105 -37.75375 348.79
-72.69367 -37.57391 319.18
-72.20366 -37.89058 349.68
-72.41669 -37.75631 330.94
-72.44568 -37.73138 355.37
-72.70559 -37.57544 325.28
-72.7002 -37.61015 323.4
-72.66088 -37.6064 326.38
-72.01657 -37.50076 350.57
-72.41614 -37.688 345.91
-72.6964 -37.58103 322.01
-72.88357 -38.35619 354.87
-72.7684 -37.50581 339.84
-72.67918 -37.56144 322.83
-72.42304 -37.74698 336.67
-73.12191 -38.3479 355.25
-73.08333 -37.15641 346.41
-72.67754 -37.58785 327.96
-72.67545 -37.67601 328.35
-72.89874 -38.27335 355.87
-72.67661 -37.58865 329.81
-72.69739 -37.55027 323.51
-72.66515 -37.62082 335.21
-72.09273 -38.01008 340.79
-73.03571 -38.42896 349.85
-72.74673 -37.59057 356.22
-73.06377 -37.16809 330.99
-72.70467 -37.53739 325.57
-72.57508 -37.17236 347
-72.76911 -37.49031 335.35
-73.04838 -37.13597 347.84
-72.42608 -37.73888 349.99
-72.71183 -37.57806 334.75
-72.68521 -37.56409 328.61
-72.69318 -37.64207 337.28
-72.94202 -38.21355 350.09
-72.69144 -37.54761 321.45
-72.42413 -37.75055 336.82
-73.05802 -37.14579 348.38
-72.67025 -37.60075 326.96
-72.19286 -37.90751 354.41
-72.67438 -37.59612 331.82
-72.80609 -38.26588 353.25
-72.15335 -37.04877 350.56
-72.41967 -37.7482 335.28
-72.76572 -37.49866 326.64
-72.42074 -37.75176 333.01
-72.18021 -37.78155 340.69
-72.65505 -37.62279 334.97
-72.68277 -37.58683 332.4
-72.44527 -37.78001 353.62
-72.50405 -36.99596 353.29
-72.78362 -37.48362 346.07
-72.69829 -37.55392 325.01
-72.17104 -37.78699 353.55
-72.57755 -36.76297 354.12
-72.00243 -37.50236 334.38
-72.01638 -37.49598 346.19
-72.8631 -37.43126 351.98
-73.11919 -38.40099 341.05
-72.44669 -37.73496 354.28
-72.65453 -37.58908 342.36
-72.02653 -37.4846 352.63
-72.66088 -37.59168 355.22
-72.68472 -37.59409 343.67
-72.40873 -37.75346 348.42
-73.04179 -37.18484 345.84
-72.69326 -37.55489 323
-72.68372 -37.59046 338.71
-72.42641 -37.68603 347.67
-72.77623 -37.47739 332.76
-72.33296 -38.07121 351.39
-72.44751 -37.75035 345.2
-72.76246 -37.48779 330.85
-72.84219 -38.39364 354.5
-72.88898 -38.39321 329.47
-72.70439 -37.57185 324.58
-72.66172 -37.57626 325.49
-72.69218 -37.63845 342.88
-72.73983 -37.52672 341.95
-72.42008 -37.75508 335.45
-72.41661 -37.72561 355.34
-72.81998 -37.42039 345.1
-72.72959 -37.56316 343.41
-72.1471 -37.9256 346.85
-73.04037 -37.1844 329.11
-72.6985 -37.58826 323.82
-72.42527 -37.78481 343.45
-73.0625 -37.18067 344.45
-72.65671 -37.61103 338.02
-72.69832 -37.58376 327.34
-72.69598 -37.5957 331.25
-72.18868 -37.24679 347.02
-72.69418 -37.55853 326.38
-72.67824 -37.5578 328.56
-72.77242 -37.48198 339.58
-72.19566 -37.89953 330.75
-72.67135 -37.58966 328.65
-72.35712 -38.14124 345.74
-72.63554 -37.64946 351.34
-72.62988 -37.63151 340.71
-72.62373 -37.70119 341.31
-72.8905 -38.40658 349.7
-73.08215 -37.15274 348.92
-72.66116 -37.62542 326.11
-72.7616 -37.5033 330.62
-72.41171 -37.74537 342.73
-72.11187 -38.0028 348.12
-72.41362 -37.73371 354.15
-72.42477 -37.74721 339.03
-72.57051 -37.24122 337.61
-72.15106 -37.92112 347.11
-72.66297 -37.59454 334.12
-72.68846 -37.55582 336.48
-73.01205 -37.09759 349.16
-72.68742 -37.68131 352.08
-73.06163 -38.07339 354.55
-72.71413 -37.55085 328.5
-72.6844 -37.54133 332.41
-72.68188 -37.58765 332.57
-72.68129 -37.54958 326.87
-72.18935 -37.90637 346.81
-72.92159 -38.21584 336.85
-73.05088 -38.3541 348.06
-72.00565 -37.50337 342.76
-72.66609 -37.59068 332.9
-72.85562 -37.1826 346.37
-72.17139 -37.90779 342.85
-72.69749 -37.58464 326.4
-72.50285 -36.99953 338.99
-72.16235 -37.9132 330.67
-72.03947 -37.47474 340.11
-72.71066 -37.54004 333.2
-72.43745 -37.74048 344.42
-72.76067 -37.48046 333.25
-73.0049 -38.0822 343.06
-72.75608 -37.50438 332.43
-72.19332 -37.90189 338.09
-72.16407 -37.91121 333.96
-72.70216 -37.65559 350.95
-72.6618 -37.59095 356.12
-73.00311 -38.10588 341.11
-72.18551 -37.90143 333.99
-72.5566 -38.08636 336.85
-72.68483 -37.57944 333.86
-72.80849 -37.43801 337.33
-72.82545 -37.23022 352.26
-73.02605 -37.2983 349.38
-72.70303 -37.56829 323.45
-72.77128 -37.49757 348.21
-72.43642 -37.73691 347.01
-72.64676 -37.63203 334.76
-73.11108 -37.22178 353.66
-72.65768 -37.61465 338.29
-72.70158 -37.58004 328.36
-72.7148 -37.58435 343.5
-72.69117 -37.63483 339.32
-73.04643 -38.40564 334.22
-72.76717 -37.50221 341.39
-72.11023 -37.9957 349.19
-72.7188 -37.53082 330.61
-72.64327 -37.67461 319.91
-72.2002 -37.21561 356.42
-72.68383 -37.5949 346.83
-72.21671 -37.88068 340.22
-72.75204 -37.58084 344.04
-72.74277 -37.49932 331.79
-72.72516 -37.5334 333.84
-72.69595 -37.65298 339.59
-72.73025 -37.51327 331.76
-72.45368 -37.72859 339.23
-72.20078 -37.89857 345.27
-72.70042 -37.56114 329.48
-72.77003 -37.49397 336.66
-72.8857 -38.34735 354.45
-72.65814 -37.57117 356.07
-73.0447 -37.17965 343.56
-72.99712 -38.45802 334.09
-72.92685 -38.2492 340.87
-72.74382 -37.50295 331.61
-72.76813 -37.48667 346.47
-72.76022 -37.49973 329.94
-72.81697 -38.05048 353.07
-72.18045 -37.90238 355.28
-72.64938 -37.6582 329.12
-72.81582 -37.37112 348.55
-72.69556 -37.54298 329.96
-72.43124 -37.73789 349.13
-72.68235 -37.55319 332.75
-72.00102 -38.30702 335.62
-72.70351 -37.58274 338.15
-72.01858 -37.49352 351.42
-72.93177 -38.21384 353.71
-73.06079 -37.27306 341.49
-72.72028 -37.5879 354.22
-73.04279 -38.12399 329.82
-73.0488 -38.41486 350.73
-73.08611 -37.1089 343.76
-73.21523 -38.10939 340.19
-72.69402 -37.66479 354.17
-72.75891 -37.49616 337.69
-72.70677 -37.57904 336.72
-72.68147 -37.60236 343.44
-72.78194 -37.44317 350.63
-72.99075 -37.33648 335.49
-72.69295 -37.66119 347.79
-72.70267 -37.58365 334.78
-72.71909 -37.56519 342.37
-72.72403 -37.5298 331.83
-72.64635 -37.6664 351.02
-73.02821 -37.29279 348.39
-73.08424 -37.10144 352.48
-73.01642 -37.30412 350.89
-72.68549 -37.67406 336.27
-72.72105 -37.53803 329.42
-71.973 -36.97337 352.23
-72.7118 -37.52452 333.5
-72.6796 -37.58044 334.54
-72.96186 -37.34998 344.9
-73.06171 -38.37116 349.7
-72.81928 -38.05766 345.1
-72.67838 -37.57686 325.08
-72.75686 -37.48888 331.47
-72.70706 -37.56369 327.39
-72.67325 -37.57785 322.6
-72.18952 -37.89696 353.75
-72.80616 -37.42788 352.44
-72.36879 -37.99681 344.61
-72.75355 -37.49721 330.04
-72.75243 -37.49359 329.96
-72.72021 -37.51523 331.85
-72.7084 -37.56725 328.26
-72.66724 -37.59427 334.28
-72.55969 -38.06403 343.3
-72.38905 -37.77295 350.34
-72.17327 -37.89628 351.43
-72.73588 -37.64772 334.35
-72.67553 -37.58505 341.67
-72.42203 -37.7086 353.76
-73.07381 -37.10744 340.83
-72.21787 -37.88419 344.63
-72.67715 -37.57328 326.86
-72.64112 -37.66741 337.22
-73.07525 -38.02845 354.66
-73.06884 -38.06281 340.95
-72.68983 -37.66942 349.82
-72.69117 -37.56675 333.51
-72.73562 -37.54669 345.7
-72.66206 -37.59526 342.7
-73.03692 -38.42632 352.64
-72.51782 -36.7016 351.04
-72.70778 -37.52913 334.41
-73.27409 -38.05502 349.5
-72.76386 -37.45818 338.4
-72.33956 -38.0543 351.41
-72.71294 -37.54725 341.37
-72.65613 -37.6264 344.7
-72.46017 -37.72485 341.95
-73.08643 -37.14798 356.37
-72.51433 -38.12569 348.49
-72.71695 -37.52352 334.09
-72.70382 -37.53373 344.15
-72.62788 -37.69659 332.1
-73.00304 -38.09994 349.06
-72.81048 -37.37218 341.69
-72.58081 -37.19606 333.47
-72.70232 -37.59827 342.64
-72.75725 -37.50799 350.12
-72.66942 -37.67336 349.32
-72.7774 -37.481 354.24
-72.68719 -37.57134 331.41
-72.67212 -37.57425 337.95
-72.51485 -37.00365 341.13
-72.97709 -38.28057 345.15
-72.71469 -37.53544 334.14
-72.64024 -37.73183 342.03
-72.68947 -37.68651 355.7
-72.0445 -37.47379 355.94
-72.71397 -37.58529 349.62
-72.7109 -37.52087 330.95
-72.66401 -37.59815 330.75
-72.43375 -37.69216 348.38
-72.68643 -37.67769 344.49
-72.6963 -37.56576 328.05
-72.12939 -37.77246 320.3
-72.71991 -37.53442 330.97
-72.71949 -37.54981 330.67
-72.44708 -37.68206 339.89
-72.70341 -37.55292 334.48
-72.36476 -38.00133 346.17
-72.69756 -37.56934 330.24
-72.72305 -37.52616 335.04
-72.03445 -37.47567 345.15
-72.66314 -37.59887 331.88
-72.21017 -37.24641 345.81
-72.72215 -37.52251 329.86
-73.01389 -38.36514 338.29
-72.68353 -37.57587 333.96
-72.68221 -37.57231 330.34
-72.72826 -37.52515 337.99
-72.45702 -37.733 342.46
-72.73402 -37.64251 354.99
-72.65274 -37.743 354.63
-72.66497 -37.58708 340.27
-72.68616 -37.56772 344.02
-72.63397 -37.6269 343.93
-72.71365 -37.53181 340.23
-72.51151 -37.00216 352.44
-72.65727 -37.62999 346.56
-72.70874 -37.55189 330.67
-73.01431 -37.3033 349.2
-72.72077 -37.55339 332.01
-72.51901 -38.1317 334.34
-72.70683 -37.5255 336.57
-72.81351 -37.4178 356.29
-72.71242 -37.56266 328.9
-72.63916 -37.67921 350.87
-72.42535 -37.68246 338.54
-72.70326 -37.60191 343.16
-72.44157 -37.73593 353.55
-72.69791 -37.69271 353.66
-72.43281 -37.79089 335.19
-72.68957 -37.54033 344.17
-72.81145 -38.06652 349.13
-72.90126 -38.39329 355.15
-72.74499 -37.50656 335.86
-72.69447 -37.62655 339.11
-72.71583 -37.53904 331.76
-72.64768 -37.73798 354.95
-72.68237 -37.68229 355.03
-72.70285 -37.5301 348.39
-72.81748 -38.05708 339.18
-72.71783 -37.56161 333.1
-72.70429 -37.60553 345.28
-72.40437 -37.73923 327.51
-72.81409 -37.45616 339.18
-72.76402 -37.5105 349.79
-72.68333 -37.53772 346.61
-72.45143 -37.66935 354.66
-72.73129 -37.5169 347.58
-73.06926 -37.27536 344.53
-72.73861 -37.52312 347.9
-72.43445 -37.79101 352.81
-72.64437 -37.6782 342.47
-72.79588 -37.452 348.72
-73.04666 -37.09331 353
-72.75147 -37.48994 341.31
-72.67439 -37.58145 346.39
-73.02942 -38.35725 335.38
-72.7352 -37.90926 351.86
-72.74187 -37.51483 350.34
-72.67719 -37.55419 340.66
-72.71116 -37.55907 334.78
-72.7933 -38.27412 337.61
-72.18761 -37.24324 341.87
-73.07491 -38.3379 352.18
-72.68753 -37.53308 348.14
-73.27841 -38.05025 324.36
-72.75051 -37.50547 342.73
-72.76492 -37.46182 355.36
-72.79301 -38.25897 344.7
-72.99967 -37.32693 352.28
-73.06884 -38.06107 343.75
-72.18534 -37.78058 356.42
-73.04455 -38.1121 326.03
-72.7151 -37.51623 341.29
-73.08495 -37.12479 342.34
-73.0733 -38.0581 354.03
-72.84064 -38.22144 349.53
-73.05209 -38.35819 353.11
-72.75418 -37.4779 353.99
-73.06355 -37.18437 346.84
-72.80008 -37.44734 346.75
-72.70135 -37.59464 348.2
-72.67304 -37.55881 351.26
-72.73955 -37.50762 346.24
-72.67098 -37.57066 346.83
-72.67218 -37.70328 347.27
-72.65056 -37.60842 354.44
-73.05102 -37.16279 350.88
-72.65573 -37.60741 349.68
-72.82727 -37.23163 355.51
-72.89016 -38.39871 345.85
-72.7242 -37.51062 338.19
-73.07468 -37.11118 352.32
-72.19458 -37.89602 353.41
-72.6385 -37.64126 339.01
-72.94785 -38.20932 347.86
-72.45278 -37.7504 352.81
-72.73233 -37.52052 344.71
-72.70459 -37.58636 343.44
-72.74929 -37.50188 342.1
-72.72919 -37.50964 338.46
-73.06651 -38.36639 353.4
-72.71702 -37.54264 335.56
-72.15503 -37.88854 349.85
-72.71957 -37.6587 344.02
-72.39097 -37.76129 345.06
-72.67868 -37.70147 327.31
-72.8737 -37.4292 342.94
-72.71585 -37.58797 354.24
-73.07899 -38.4011 352.97
-72.13441 -37.77152 339.03
-72.70197 -37.52645 347.07
-72.65658 -37.59198 350.21
-73.08955 -37.11996 346.89
-72.44257 -37.73951 351.18
-72.13345 -37.09019 353.93
-72.7978 -37.44009 342.78
-72.99521 -37.3317 355.1
-72.7937 -38.38645 339.44
-72.70365 -37.70463 354.68
-72.15504 -37.91665 355.3
-72.19965 -37.89507 354.12
-72.89432 -38.41472 353.45
-72.65973 -37.58808 352.31
-72.70777 -37.58266 351.49
-72.80203 -37.43542 353.67
-72.821 -37.40479 346.54
-72.68339 -37.55681 345.96
-72.18446 -37.89791 351.4
-72.39094 -38.00969 354.29
-72.72209 -37.59056 336.9
-72.73338 -37.52415 351.17
-72.80537 -38.25764 340.89
-73.07316 -37.15843 338.17
-72.58547 -37.18095 345.27
-72.72625 -37.51788 343.45
-72.70453 -37.55653 338.47
-72.44368 -37.66463 354.45
-72.89791 -38.42012 352.89
-72.4508 -37.7304 355.13
-72.73849 -37.50399 348.77
-72.7086 -37.58175 352.94
-72.45106 -37.72153 355.5
-72.81463 -37.36751 340.28
-72.72313 -37.507 343.87
-72.56951 -38.07032 349.01
-72.93456 -38.24006 327.07
-72.82661 -37.23385 353.71
-72.68026 -37.54596 352.13
-72.72321 -37.56057 348.76
-72.71944 -37.4878 350.47
-72.73782 -37.48112 347.2
-72.29314 -38.06254 354.78
-72.29253 -38.0808 346.37
-72.7028 -37.61728 344.99
-72.73323 -37.50502 351.42
-72.69548 -37.63017 347.2
-72.84547 -37.18379 347.02
-72.72227 -37.49057 341.67
-72.21271 -37.88516 354.31
-72.79062 -38.29089 350.27
-72.7318 -37.48517 354.12
-72.7048 -37.59087 339.87
-73.10656 -38.35445 347.79
-73.06442 -37.19138 346.25
-72.72748 -37.48499 350.75
-72.44974 -37.66969 349.96
-72.75595 -37.48523 355.74
-72.18628 -37.24628 348.09
-72.74177 -37.49569 347.89
-72.70998 -37.51723 350.24
-72.38716 -37.7846 337.93
-72.80418 -37.4427 354.52
-72.85341 -38.4372 342.88
-72.45679 -37.746 342.29
-73.08039 -37.11004 351.6
-72.62914 -37.64688 340.94
-72.21117 -37.74211 337.12
-72.6456 -37.62845 341.28
-72.11229 -37.78683 353.59
-72.20472 -37.89412 355.77
-73.06054 -37.19279 325.92
-72.51872 -36.70527 353.37
-72.21519 -37.73761 333.93
-72.30458 -38.11761 355.55
-72.90932 -38.33445 353.64
-72.99843 -37.32329 349.61
-72.39502 -37.75674 325.03
-72.74783 -37.47531 349.91
-72.89538 -38.39631 348.1
-73.06464 -37.18806 351.8
-72.629 -37.70018 341.27
-72.74872 -37.47898 355.13
-72.19057 -37.90048 345.34
-72.88815 -38.36313 355.66
-72.72993 -37.90903 353.37
-72.73268 -37.55491 337.19
-72.81773 -38.06235 348.64
-72.75842 -37.5116 351.23
-73.12688 -38.04766 348.22
-72.71655 -37.65916 354.19
-73.06309 -38.37473 320.99
-72.72437 -37.56417 352.4
-72.6301 -37.70377 341.71
-72.51672 -37.0033 351.04
-72.80963 -37.45541 332.62
-72.74068 -37.51123 355.84
-72.65567 -37.59267 352.03
-72.85773 -37.18526 351.68
-73.06328 -37.1877 354.67
-73.04147 -37.16858 352.84
-72.66887 -37.56343 346.01
-73.0853 -37.14429 353.76
-73.04936 -38.12422 353.52
-72.66469 -37.56805 333.01
-72.66389 -37.58347 355.81
-72.65162 -37.61203 339.53
-73.22211 -38.07701 330.63
-72.70904 -37.51359 354.26
-72.29999 -38.06397 343.01
-72.19844 -37.90091 348.8
-72.70409 -37.69575 350.03
-72.70488 -37.64362 332.18
-72.73563 -37.64561 345.5
-72.73194 -37.48519 354.66
-72.51532 -36.70977 340.62
-72.73533 -37.51227 349.24
-72.88146 -38.3669 350.51
-72.43909 -37.78389 353.68
-72.82429 -38.06487 347.6
-73.09072 -37.12365 351.97
-73.08851 -37.13583 353.92
-72.4497 -37.72266 353.72
-72.67811 -37.53873 340.32
-73.04682 -38.11935 345.6
-72.69652 -37.63379 354.91
-72.45144 -37.74514 355.22
-72.73561 -37.53137 341.1
-73.08266 -37.11742 354.04
-73.06959 -37.16695 352.59
-72.76283 -37.50689 345.19
-72.45471 -37.66992 339.82
-72.72227 -37.54162 347.15
-72.14426 -37.93358 352.71
-72.58432 -37.25001 346.03
-73.05651 -38.39725 350.1
-72.80722 -38.0508 355.89
-73.0656 -38.36274 348.6
-72.80309 -37.43907 351.38
-72.79651 -38.43949 348.56
-73.08894 -37.26136 340.32
-72.01242 -37.50045 332.39
-72.81245 -37.41415 339.34
-72.65884 -37.59917 355.82
-72.6764 -37.71335 324.54
-72.63618 -37.63409 351.16
-73.04571 -38.11572 339.57
-72.67353 -37.70248 350.65
-73.00997 -37.93306 345.75
-72.79032 -37.43385 322.47
-72.89462 -38.39698 345.21
-73.284 -38.04914 337.17
-72.67131 -37.69965 339.52
-72.84552 -38.39504 352.72
-73.00018 -38.09954 345.02
-72.73641 -37.51589 353.53
-73.00938 -38.44942 338.74
-72.17503 -37.24315 349.64
-72.70412 -37.51455 353.13
-73.05524 -38.40007 354.4
-72.19167 -37.904 321.83
-73.00442 -38.4504 354.26
-73.07661 -38.02537 345.08
-72.75106 -37.57721 342.55
-72.89424 -38.40288 354.22
-72.14208 -37.92656 325.23
-72.64949 -37.60481 330.63
-72.75054 -37.48629 353.71
-72.66779 -37.55983 335.43
-72.88606 -38.37299 349.29
-72.79208 -38.28996 355.66
-72.70541 -37.60913 347.99
-73.03721 -37.17332 348.84
-72.67738 -37.70229 342.61
-73.06878 -37.1632 335.67
-72.79825 -38.44027 353.71
-72.88675 -38.3749 349.82
-72.9267 -38.20367 348.74
-73.00414 -37.32215 332.51
-72.74964 -37.48263 355.66
-72.12087 -37.99741 329.76
-73.03613 -37.16963 347.77
-72.45297 -37.74466 355.71
-72.65156 -37.59727 333.61
-72.70885 -37.58627 355.2
-72.45397 -37.72226 323.71
-72.90913 -38.34628 351.44
-72.76928 -37.45714 347.25
-72.70815 -37.50993 356.21
-72.74525 -37.48733 355.42
-72.63442 -37.64586 354.04
-72.8242 -38.05823 342.56
-72.74242 -37.47638 323.81
-72.43575 -37.78279 327.19
-72.89082 -38.25795 351.57
-72.71718 -37.50434 356.12
-72.65469 -37.60379 351.85
-73.0789 -38.41004 342.56
-72.80528 -38.05901 347.15
-72.79376 -38.43459 354.46
-72.8009 -38.2887 343.44
-72.43048 -37.78381 329.18
-72.7355 -37.49308 355.15
-72.44772 -37.71968 347.14
-72.69472 -37.52021 345.71
-72.58884 -37.16207 350.32
-72.65858 -37.7491 353.37
-72.81981 -37.40117 349.48
-72.66989 -37.56705 346.36
-72.65774 -37.59557 348.29
-73.0745 -37.26812 334.12
-72.65754 -37.74902 355.16
-72.45597 -37.72942 345.26
-72.58655 -37.18457 354.7
-73.06506 -38.40728 353
-72.98168 -38.27831 354.02
-72.7462 -37.51015 342.69
-72.71709 -37.49313 348.03
-72.8073 -38.06541 343.43
-72.69954 -37.64465 352.26
-72.12976 -37.94495 350.9
-72.69755 -37.63741 356.02
-72.74312 -37.51842 351.57
-72.69856 -37.64103 353.41
-73.07814 -37.15744 350.22
-73.07577 -37.11488 328.1
-72.70385 -37.64 351.46
-72.99641 -37.33535 330.01
-73.04052 -37.16487 348.16
-73.12508 -38.39982 333.53
-72.73222 -37.50139 355.72
-72.7946 -38.43318 352.27
-72.01461 -37.49798 348.59
-72.64264 -37.63665 345.01
-72.89698 -38.39096 352.24
-72.82475 -38.059 348.06
-72.73751 -37.50035 352.44
-72.43163 -37.78735 336.88
-72.76595 -37.46021 342.36
-73.05914 -38.04546 320.22
-72.72707 -37.5024 355.18
-72.73042 -37.53238 354.27
-72.71821 -37.50797 352.07
-72.70557 -37.58999 338.34
-72.71824 -37.54623 349.13
-72.66946 -37.69239 346.7
-72.67446 -37.69143 334.24
-72.20871 -37.88963 352.71
-72.73659 -37.4967 355.73
-73.08611 -37.12848 356.23
-72.67045 -37.67697 350.66
-72.39205 -37.76484 343.06
-72.67917 -37.54235 354.45
-73.27547 -38.05862 341.78
-73.06781 -37.15949 341.04
-72.82379 -38.45251 351.51
-72.69169 -37.52845 349.77
-72.73875 -37.48478 349.77
-72.40546 -37.74279 323.55
-72.86935 -38.42553 350.39
-73.04579 -37.16383 351.41
-72.67614 -37.55058 350.25
-72.51795 -38.12933 352.58
-73.0962 -37.14213 344.56
-72.90247 -38.26159 341.37
-73.0873 -37.13215 346.46
-72.789 -38.30211 355.39
-72.79546 -38.2826 351.02
-72.71512 -37.49708 339.8
-72.72109 -37.49974 355.36
-72.71661 -37.55802 356.1
-72.51385 -38.12822 355.97
-72.6906 -37.52484 350.09
-72.84747 -38.43054 351.43
-73.0704 -37.17069 346.62
-72.41554 -37.72204 340.9
-72.70414 -37.62084 350.42
-72.70112 -37.70089 353.88
-72.7261 -37.49876 354.36
-73.03955 -37.16116 325.04
-73.04679 -37.16753 346.95
-72.85034 -38.43059 349.39
-72.73125 -37.49775 354.5
-72.6974 -37.69852 347.94
-72.70812 -37.63535 329.22
-72.71878 -37.48459 348.94
-72.69704 -37.69979 351.45
-72.89492 -38.4251 356
-72.69991 -37.5192 346.89
-72.7974 -38.28432 348.23
-72.72738 -37.55594 325.88
-72.72211 -37.50337 352.24
-72.6704 -37.69602 327.28
-72.70306 -37.51093 331.39
-72.63212 -37.63869 344.6
-72.34327 -38.00002 352.7
-72.92561 -38.24562 334.91
-72.44977 -37.72683 343.53
-72.80348 -38.44049 355.99
-72.74331 -37.48004 340.82
-72.70094 -37.52282 345.65
-72.73162 -37.53597 347.18
-73.04253 -37.17228 337.4
-72.6525 -37.5966 334.16
-73.05013 -37.15907 345.41
-72.73143 -37.55132 346.87
-72.79805 -38.25147 333.43
-72.67741 -37.68325 337.1
-72.71154 -37.62704 337.28
-73.08147 -37.11374 330.25
-72.63326 -37.64228 349.4
-72.70044 -37.64829 332.9
-72.71503 -37.58891 351.83
-72.7122 -37.50531 344.85
-72.66848 -37.68877 331.62
-72.72754 -37.5406 350.72
-72.89167 -38.38695 351.95
-72.87246 -38.41161 340.95
-72.72614 -37.55236 355.38
-72.18519 -37.24273 332.48
-72.7235 -37.54521 355.86
-72.66578 -37.57166 344.55
-72.70193 -37.63273 349.23
-72.33605 -38.04799 336.72
-72.68645 -37.52947 340.89
-72.75171 -37.50907 336.98
-72.67197 -37.5552 342.7
-72.73289 -37.53955 332.24
-72.63505 -37.6305 338.77
-72.64146 -37.63306 347.51
-72.20328 -37.21299 342.06
-72.65269 -37.60087 345.75
-72.6628 -37.57987 341.88
-72.67641 -37.67963 335.67
-72.72478 -37.54878 351.6
-72.69889 -37.51557 331.8
-72.80737 -37.43439 335
-72.90115 -38.25803 340.6
-72.65681 -37.59627 331.79
-72.67547 -37.69505 333.34
-72.71906 -37.49248 332.19
-72.70725 -37.6317 336.31
-72.14816 -37.92912 339.97
-72.65362 -37.60019 345.78
-72.70094 -37.62911 346.26
-72.64025 -37.62949 348.19
-72.70924 -37.61985 342.61
-72.44876 -37.72325 342.22
-72.72877 -37.54419 341.77
-72.87376 -38.41516 340.49
-72.70124 -37.65195 340.75
-72.7161 -37.50072 347.52
-72.7301 -37.54776 339.99
