-72.6115 -38.09085 367
-72.28453 -38.1166 367
-72.60961 -38.08977 367
-72.28559 -38.11321 367
-72.85517 -36.48438 367
-72.49859 -37.92126 367
-72.25733 -38.12722 340.76
-72.28274 -38.12095 339.63
-72.27545 -38.09512 339.66
-72.29815 -38.11652 341.88
-72.2664 -38.12875 344.23
-72.28271 -38.10337 343.39
-72.25848 -38.38093 346.26
-72.86048 -36.48177 303.93
-72.85962 -36.48513 316.45
-72.25486 -38.37682 367
-72.16035 -38.32227 367
-72.2969 -38.12315 298.29
-72.35867 -38.10138 298.33
-72.29127 -38.12481 302.66
-72.28937 -38.12666 341.93
-72.35943 -38.1065 297.78
-72.28831 -38.11635 302.12
-72.28564 -38.08666 315.66
-72.29316 -38.12641 338.57
-72.35488 -38.10163 295.24
-72.28841 -38.11902 339.96
-72.27849 -38.09623 303.57
-72.28281 -38.10114 299.11
-72.28176 -38.09084 298.6
-72.2829 -38.09411 301.03
-72.27992 -38.11489 302.88
-72.278 -38.09108 313.11
-72.28886 -38.1215 352.81
-72.61335 -38.0954 354.63
-72.28507 -38.12175 340.64
-72.3595 -38.10473 300.54
-72.35566 -38.10675 305.54
-72.27721 -38.09579 295.46
-72.27995 -38.08834 320.14
-72.28004 -38.10159 306.95
-72.60334 -38.09165 307.35
-72.60889 -38.08471 304.43
-72.60484 -38.08445 314.6
-72.60537 -38.09266 330.83
-73.12392 -36.74559 299.05
-72.27905 -38.10139 332.06
-73.36096 -38.21822 301.58
-72.60706 -38.08542 339.81
-72.52274 -37.91543 310.23
-72.60873 -38.09492 352.28
-73.36166 -38.22307 324.52
-72.51112 -37.58963 326.15
-72.60872 -38.08982 350.57
-72.86169 -36.48261 311.05
-72.86112 -36.4777 318.59
-72.86264 -36.47556 335.1
-73.20798 -38.46656 346.5
-72.49503 -37.91717 332.52
-73.20714 -38.46989 350.59
-72.85605 -36.48103 337.86
-72.62213 -38.0965 335.08
-72.49413 -37.92052 334.19
-72.62038 -38.08574 338.08
-72.50306 -37.92201 341.45
-72.50394 -37.91866 345.1
-72.21091 -37.86566 346.07
-73.12601 -36.74749 336.92
-71.22214 -37.80222 346.07
-72.15945 -38.32564 340.48
-72.27729 -38.12355 346.5
-72.24915 -38.12232 346.66
-72.81303 -37.57543 338.23
-72.60866 -38.09427 350.95
-72.27908 -38.09924 348.02
-72.2594 -38.37757 348.85
-72.25005 -38.11896 354.06
