-72.44212 -37.52916 302.64
-73.15497 -37.09879 308.98
-72.43862 -37.5332 324.05
-72.44299 -37.53248 337.02
-72.55547 -37.44632 302.56
-73.29498 -37.80415 313.88
-73.36772 -38.1728 302.7
-73.17461 -38.06157 298.51
-71.16344 -37.5765 310.76
-73.17555 -38.0649 315.43
-72.28812 -38.02155 327.16
-71.16428 -37.57981 301.38
-73.21181 -38.46316 342.14
-73.21269 -38.46649 327.65
-73.12503 -36.74411 309.04
-73.12323 -36.73738 312.34
-73.40126 -37.99006 330.95
-73.40327 -37.98738 335.47
-73.40511 -37.99029 327.95
-71.78068 -36.85862 337.12
-71.78256 -36.85848 333.76
-72.4483 -37.53283 342.35
-71.26659 -37.61563 337.75
-71.1618 -37.57801 351.51
