-72.47233 -36.68837 367
-73.02229 -38.12666 367
-72.69528 -36.50837 367
-72.66938 -36.56248 367
-72.68169 -36.58204 367
-72.53093 -37.01926 367
-72.67633 -36.55262 367
-72.46221 -36.69064 367
-72.47709 -36.71399 367
-72.84872 -36.78308 367
-72.66731 -36.57299 367
-72.6701 -36.55899 367
-72.47303 -36.70989 367
-72.47163 -36.69186 367
-72.47974 -36.72506 367
-72.10667 -36.662 367
-72.46429 -36.70519 367
-72.67835 -36.56724 367
-72.6804 -36.58187 367
-72.67701 -36.57424 367
-72.46497 -36.70171 367
-72.4622 -36.71564 367
-72.46289 -36.71215 367
-72.84739 -36.79015 367
-72.67965 -36.56022 367
-72.46694 -36.71625 367
-72.84188 -36.79307 367
-72.67084 -36.5555 367
-72.46284 -36.68715 367
-72.84607 -36.79722 367
-72.47884 -36.7035 367
-72.46761 -36.68776 367
-72.84805 -36.78662 367
-72.84251 -36.78954 367
-72.46436 -36.6802 367
-72.96841 -38.29111 367
-72.68111 -36.57837 367
-72.96766 -38.2947 367
-72.47425 -36.70291 367
-72.47559 -36.69593 367
-72.52541 -37.02215 367
-72.47771 -36.7105 367
-72.66869 -36.56598 367
-72.668 -36.56949 367
-72.4636 -36.68368 367
-72.67351 -36.5666 367
-72.52611 -37.01865 367
-72.47363 -36.7064 367
-72.67216 -36.57361 367
-73.02257 -38.13835 334.64
-72.6659 -36.57998 335.17
-73.0218 -38.14194 336.1
-72.59464 -37.49818 301.73
-72.39701 -38.03756 337.09
-72.30733 -38.47911 337.5
-72.97299 -38.29535 307.75
-72.09381 -36.67798 339.67
-72.08669 -36.66643 343.04
-72.85095 -36.79784 312.11
-72.53023 -37.02276 315.25
-72.10348 -36.65451 347.45
-73.02742 -38.12729 309.2
-72.67201 -36.58082 350.18
-72.4804 -36.72157 367
-72.5282 -37.00816 367
-72.47095 -36.72034 367
-72.47239 -36.71338 367
-72.83945 -36.7783 367
-72.67612 -36.58493 350.88
-72.46899 -36.7058 367
-72.84543 -36.80075 367
-72.67773 -36.57075 367
-72.522 -37.01455 367
-72.47826 -36.707 367
-72.67484 -36.58473 367
-72.84672 -36.79368 367
-72.67556 -36.58124 367
-72.10203 -36.66139 352.91
-72.47094 -36.69534 367
-72.67683 -36.58142 367
-72.69458 -36.51187 367
-72.46833 -36.68428 367
-72.47491 -36.69942 367
-72.67897 -36.56372 367
-72.5275 -37.01165 367
-72.46624 -36.71973 367
-72.67285 -36.57012 367
-72.52681 -37.01515 367
-72.84443 -36.77893 367
-72.84379 -36.78246 367
-72.67147 -36.57711 367
-72.67486 -36.5596 367
-72.67416 -36.5631 367
-72.6756 -36.55611 367
-72.84315 -36.786 367
-72.67628 -36.57774 367
-73.12399 -38.02499 296.16
-72.81959 -38.49069 304.73
-73.12277 -38.02275 309.22
-73.02863 -38.12524 295.49
-72.81999 -38.49043 304.84
-73.33042 -37.38078 299.01
-73.02259 -38.12593 296.23
-73.33109 -37.38452 302.16
-71.80185 -37.6418 317.35
-71.80022 -37.64211 320.77
-73.03022 -38.13287 304.44
-73.02936 -38.12906 334.55
-72.10125 -36.64931 307.73
-72.10802 -36.65255 302.31
-72.10226 -36.65205 302.42
-72.10907 -36.65532 302.17
-72.10508 -36.66777 306.83
-72.08794 -36.64155 298.69
-72.67496 -36.58537 300.14
-72.08147 -36.64351 315.88
-72.09477 -36.64484 310.6
-72.09137 -36.66123 299.46
-72.30222 -36.6305 305.67
-72.09444 -36.64606 313.45
-72.10027 -36.6763 300.92
-72.08592 -36.66582 327.19
-72.09207 -36.66516 310.73
-72.09345 -36.63696 329.26
-72.09313 -36.6382 340.93
-72.30292 -36.63039 309.41
-72.0948 -36.6809 311.18
-73.02532 -38.13733 333.7
-72.08382 -36.65402 339.91
-72.09962 -36.67236 304.82
-72.09068 -36.6573 310.35
-72.08453 -36.65795 307.56
-72.09348 -36.67303 299.79
-72.10192 -36.65324 343.53
-72.09415 -36.67696 333.35
-72.08351 -36.65531 328.83
-72.1009 -36.68024 327.08
-72.30504 -36.64206 326.82
-72.09579 -36.65393 313.4
-72.08929 -36.64943 311.32
-72.09544 -36.64877 339.81
-73.03112 -38.13667 342.26
-72.09279 -36.66909 335.22
-72.08242 -36.64615 337.99
-72.08898 -36.65068 333.34
-72.09612 -36.6527 330.16
-72.09823 -36.6645 318.65
-72.08212 -36.64745 331.31
-72.08279 -36.65138 326.39
-72.30435 -36.63816 320.79
-72.30363 -36.63428 345.54
-72.09512 -36.65 334.62
-72.08859 -36.6455 313
-72.08311 -36.65009 333.97
-72.08968 -36.65462 327.35
-72.08827 -36.64676 319.06
-72.09 -36.65336 334.19
-72.08524 -36.66189 343.05
-72.09681 -36.65664 327.64
-72.09752 -36.66057 327.29
-72.09412 -36.6409 341.03
-72.09378 -36.64213 337.2
-72.10439 -36.66383 325.57
-72.09895 -36.66843 328.67
-72.67851 -36.54213 345.72
-72.69129 -36.50427 333.34
-72.67236 -36.54851 347.81
-73.41354 -37.62487 334.6
-72.69057 -36.50777 344.48
-72.68985 -36.51127 348.47
-72.69599 -36.50487 341.06
-72.96313 -38.29047 334.84
-72.67706 -36.54912 343.5
-73.03097 -38.13509 335.49
-72.84074 -36.77123 346.02
-72.84135 -36.76769 341.27
-73.19042 -38.14343 336.29
-72.84011 -36.77477 345.81
-72.9692 -38.28752 345.32
-72.83829 -36.78538 338.97
-72.8377 -36.78893 336.55
-72.68111 -36.55323 344.94
-72.9624 -38.29407 335.36
-72.10367 -36.65991 325.81
-72.39844 -38.03053 342.8
-72.67452 -36.53802 345.41
-72.84064 -36.80015 337.35
-72.46906 -36.68081 345.67
-73.03014 -38.13868 346.46
-72.47303 -36.68489 347.2
-72.69865 -37.78017 335.17
-73.02861 -38.13538 345.87
-72.37566 -38.10289 343.24
-72.52339 -37.00755 341.72
-72.68038 -36.55672 347
-72.68449 -36.56084 336.91
-72.59396 -37.50171 333.4
-72.66393 -36.56537 341.4
-72.68382 -36.56435 336.28
-73.02702 -38.14256 341.48
-72.6832 -36.56787 339.75
-72.58972 -37.49756 336.95
-73.12332 -36.73893 339.07
-72.10295 -36.65598 336.66
-72.58903 -37.50109 336.26
-72.83884 -36.78184 344.31
-73.02492 -38.13803 343.09
-72.28077 -37.31453 342.16
-72.67159 -36.55201 348.12
-72.6632 -36.56886 340.32
-72.37646 -38.09939 346.53
-72.46961 -36.72732 347.89
-72.66662 -36.57648 345.42
-73.02779 -38.13897 346.06
-72.67001 -36.58411 341.97
-72.84937 -36.77955 345.89
-72.47639 -36.71747 352.02
-72.12218 -37.48853 346.06
-72.52269 -37.01104 347.63
-72.43188 -37.92686 342.03
-72.47434 -36.72793 355.81
-72.52473 -37.02565 351.4
-72.84126 -36.79661 344.58
-72.39773 -38.03405 353.76
-72.47028 -36.72383 351.5
-72.67075 -36.58061 354.83
-72.47568 -36.72096 353.65
-72.46562 -36.69822 349.92
-72.46832 -36.70929 355.67
-72.67542 -36.58842 353.66
-72.46964 -36.70231 355.61
-72.46765 -36.71277 352.66
-72.5213 -37.01804 345.7
-72.967 -38.29831 351.22
-72.67126 -36.58432 349.56
-72.47167 -36.71686 354.61
-72.47028 -36.69883 349.66
-72.10275 -36.65795 352.64
-72.47501 -36.72445 355.46
