-72.24021 -37.83241 367
-72.2396 -37.83178 367
-72.46936 -37.92811 297.53
-72.2456 -37.84233 307.03
-72.23993 -37.84255 306.9
-72.23924 -37.83646 304.59
-72.47346 -37.92702 308.9
-72.47761 -37.92592 299.12
-72.24164 -37.83688 349.26
-72.23752 -37.82668 318.21
-72.24363 -37.842 341.08
-72.2336 -37.82772 297.03
-72.23813 -37.82732 342.91
-73.1274 -36.74191 297.23
-72.23419 -37.82833 314.87
-73.12798 -36.74768 309.31
-72.23966 -37.84305 334.3
-73.12825 -36.74275 304.04
-72.23771 -37.83792 356.39
-72.23565 -37.83282 345.63
-72.23626 -37.83344 343.21
