-72.41193 -38.16278 367
-72.41167 -38.16071 367
-72.84001 -36.54464 367
-72.48744 -38.15852 367
-72.83293 -36.54486 367
-73.00279 -36.92936 367
-72.84477 -36.55079 367
-72.99985 -36.92856 367
-72.83759 -36.55102 367
-72.69048 -37.36902 367
-72.3494 -38.20123 367
-72.3447 -38.1833 367
-72.32961 -37.87874 367
-72.48624 -38.16362 367
-72.48185 -38.16295 367
-72.36378 -37.88745 367
-72.50185 -38.07441 355.61
-72.35983 -38.19594 355.35
-72.49064 -38.16429 296.17
-72.35788 -38.18532 355.61
-72.79684 -37.39992 331.04
-72.84432 -36.555 331.41
-72.68867 -37.73905 331.79
-72.81345 -37.40587 335.68
-72.49419 -36.95849 337.45
-72.68224 -37.38936 340.44
-72.23935 -38.11203 332.36
-72.24894 -38.11007 340.22
-72.24292 -38.11602 345.16
-72.2473 -38.1167 335.92
-72.25415 -38.10743 332.62
-72.24456 -38.10939 335.22
-72.24812 -38.11338 348.79
-72.23853 -38.11534 332.98
-72.24976 -38.10675 331.42
-72.25333 -38.11074 343.1
-72.25058 -38.10343 331.11
-72.72636 -38.42336 315.72
-72.72624 -38.41941 317.17
-72.72357 -38.41695 307.47
-72.36407 -38.26214 336.63
-72.33174 -38.29211 296.07
-72.35606 -38.26044 301.95
-72.36375 -38.27662 297.57
-72.3623 -38.27527 297.19
-72.32855 -38.28593 297.6
-72.35695 -38.27872 304.7
-72.38963 -38.19131 296.71
-72.38664 -38.18306 317.13
-72.38992 -38.18925 307.83
-72.35553 -38.27742 306.65
-72.36071 -38.256 325.62
-72.26084 -38.10839 314.04
-72.25251 -38.11406 351.06
-72.41842 -38.16077 295.09
-72.40617 -38.16245 305.76
-72.50166 -38.16129 300.2
-72.38305 -38.19141 301.26
-72.38318 -38.18563 298.56
-72.26234 -38.10138 305.32
-72.4056 -38.16492 307.46
-72.50842 -38.15916 304.64
-72.12308 -38.0041 307.04
-72.48272 -38.15275 297.28
-72.40763 -38.15689 322.9
-72.25462 -38.1089 296.79
-72.49383 -38.15911 306.26
-72.49413 -38.15641 295.22
-72.37968 -38.18525 296.52
-72.26025 -38.10369 321.9
-72.50863 -38.15184 295.49
-72.50166 -38.15404 298.95
-72.86887 -37.576 310.75
-72.48267 -38.15532 313.94
-72.37927 -38.1873 297.56
-72.71898 -38.42145 308.16
-72.50051 -38.15704 296.17
-72.72455 -38.42097 304.98
-72.86731 -37.57541 315.86
-72.50767 -38.15483 321.21
-72.37978 -37.89134 296.25
-72.48643 -38.16313 308.43
-72.38375 -38.19032 319.89
-72.37843 -37.88893 310.65
-72.41226 -38.15966 310.83
-72.49377 -38.16254 301.02
-72.37167 -38.1913 308.69
-73.15893 -38.05687 300.65
-72.36245 -37.88667 314.7
-73.15642 -38.05496 304
-72.82996 -36.55548 311.87
-72.69035 -37.73591 304.85
-72.83653 -37.59412 295.85
-72.94602 -36.66775 323.46
-72.8592 -37.57796 295.65
-72.50082 -38.16197 305.21
-72.8413 -37.59106 296.47
-72.86238 -36.54521 295.19
-72.86098 -37.57853 304.97
-72.86295 -37.57355 311.1
-72.81796 -36.55164 296.38
-72.48051 -38.15891 309.78
-72.37373 -37.89185 308.77
-72.75121 -37.68459 300.53
-72.81487 -37.59138 311.54
-72.92945 -36.67308 296.77
-72.94682 -36.66947 324.35
-72.3711 -38.18661 299.03
-72.85496 -36.54541 296.75
-72.35917 -37.88044 296.25
-72.37267 -37.87621 299.15
-72.35979 -37.88356 311.22
-73.07153 -37.27622 301.2
-72.46178 -38.15099 304.66
-72.91438 -36.6644 297.04
-72.86006 -36.55145 301.95
-72.80021 -37.57415 295.94
-73.07128 -37.27713 298.62
-72.82967 -36.55487 303.92
-72.99112 -36.92505 300.54
-72.8408 -36.54232 300.25
-72.83142 -37.59455 295.74
-72.83569 -36.55886 304.53
-72.84138 -36.55952 322.28
-72.83508 -36.43883 297.3
-72.84116 -36.55837 297.75
-72.81042 -36.53874 295.88
-72.81919 -37.59054 303.04
-72.91327 -36.66737 303.71
-72.80172 -37.57511 311.1
-73.01224 -36.92635 296.34
-72.92262 -36.65992 297.55
-72.82956 -36.55034 312.96
-72.85922 -36.55388 305.56
-72.93807 -36.67223 301.81
-72.99146 -36.92954 301.44
-72.35394 -38.25811 355.43
-72.8305 -36.43953 303.43
-72.97639 -36.93087 304.42
-72.92332 -36.66158 309.09
-72.83572 -36.43906 310.87
-72.82258 -37.58202 302.09
-72.36675 -37.8877 317.57
-72.92702 -36.66807 301.51
-72.82127 -37.5763 300.74
-73.00805 -36.92589 304.01
-72.82786 -36.54085 306.68
-72.36875 -37.8847 325.74
-72.93777 -36.6704 302.96
-72.85239 -37.57902 303.38
-72.98651 -36.92998 320.26
-72.37543 -37.88261 315.68
-72.85428 -36.54778 318.36
-72.83667 -37.58506 311.27
-72.92673 -36.66628 310.43
-73.07984 -37.28201 296.77
-72.82093 -37.59137 310.27
-72.84946 -36.55696 351.5
-72.80742 -37.57187 334.51
-73.10043 -37.28305 318.82
-73.07999 -37.28109 297.25
-72.83671 -36.4435 306.94
-72.8571 -37.56488 297.21
-72.81927 -37.5756 302.83
-72.80273 -37.57862 315.71
-72.82074 -36.54311 305.8
-72.8263 -37.58582 297.53
-73.10074 -37.282 321.22
-72.99454 -36.93199 300.1
-72.68439 -37.73642 312.52
-72.49742 -38.07018 310.54
-72.84658 -37.5841 310.93
-72.84374 -36.43817 330.76
-72.48674 -38.1584 342.77
-72.98944 -36.92597 297
-72.85056 -36.55451 336.48
-72.80786 -37.57359 299.11
-72.80875 -37.57285 331.84
-72.68649 -37.36143 305.96
-72.80987 -37.57855 315.65
-72.7184 -37.37337 322.73
-72.81458 -36.54313 313.17
-72.69965 -37.40262 297.45
-72.81151 -37.57943 332.12
-72.366 -37.88304 325.35
-72.69771 -37.3667 320.64
-72.81606 -37.58545 329.99
-72.82075 -37.59088 314.15
-72.70729 -37.45752 303.13
-72.85073 -37.56541 305.39
-72.69345 -37.36624 302.46
-72.69649 -37.36573 343.53
-72.84898 -37.58725 341.94
-72.8252 -36.54935 341.64
-72.81437 -37.5846 342.56
-72.82759 -37.58923 323.84
-72.80202 -37.57409 337.5
-72.82578 -36.54717 326.63
-72.80904 -37.58269 339.2
-72.35729 -38.26425 347.38
-72.83066 -36.55326 354.41
-72.83685 -36.5533 353.55
-72.24374 -38.1127 352.4
-72.80875 -37.57812 331.34
-72.82571 -37.58849 321.72
-72.84586 -36.54835 341.28
-72.86297 -37.56896 337.54
-72.33398 -37.87941 342.18
-72.72012 -38.42477 344.8
-72.49503 -38.16496 336.25
-72.83223 -36.54711 355.95
-72.81496 -37.58678 342.01
-72.82645 -37.59039 314.49
-72.84208 -36.55725 353.76
-72.83653 -37.58953 349.45
-72.80913 -37.58727 336.11
-72.85721 -37.56945 330.17
-72.83173 -37.58994 327.54
-72.68921 -37.36803 355.89
-72.8549 -37.58126 337.03
-72.68851 -37.37127 344.68
-72.68762 -37.36673 336.86
-72.88731 -36.56158 342.41
-72.47826 -38.15897 332.94
-72.83054 -36.44067 346.65
-72.90171 -36.71925 335.32
-72.36816 -37.88812 342.23
-72.85413 -37.58458 352.57
-72.36654 -37.89475 348.46
-72.36735 -37.89144 351.22
-72.92116 -36.66846 337.53
-72.46232 -38.14965 346.68
-72.83484 -36.44133 345.23
-72.49388 -38.06975 346.48
-72.84976 -37.58393 342.68
-72.6843 -37.73839 331.87
-72.92546 -36.66911 347.46
-72.83406 -36.44465 339.72
-72.85753 -37.57401 346.18
-72.9376 -36.6744 339.94
-72.92976 -36.66977 332.08
-72.85792 -37.57855 325.97
-72.85725 -37.57131 332.38
-72.33949 -38.18594 346.68
-72.79171 -37.40257 335.97
-71.1105 -36.94919 337.44
-72.48266 -38.15963 345.56
-72.35859 -37.89009 335.97
-72.3587 -38.182 342.8
-72.3543 -38.18132 348.22
-72.7925 -37.39926 336.81
-72.36459 -37.88413 351.28
-72.85446 -37.56401 355.79
-72.81266 -37.40919 340.22
-72.34031 -38.18262 353.16
-72.3538 -38.2019 351.42
-72.7164 -37.42064 335.03
-72.38343 -38.19267 347.75
-72.35951 -38.17868 337.14
-72.36095 -38.20988 355.9
-72.35462 -38.19859 352.16
-72.35742 -38.26635 346.24
-72.36297 -37.89076 353.98
-72.80041 -37.4039 341.18
-72.72154 -37.41798 339.74
-72.38424 -38.18935 349.43
-72.49826 -38.07042 347.34
-72.70953 -37.36945 353.07
-72.37056 -38.20791 345.08
-72.79605 -37.40323 354.14
-72.70874 -37.37277 341.42
-72.36617 -38.20723 354.69
-72.68701 -37.36946 349.72
