-72.50836 -36.50205 367
-72.92314 -36.56778 367
-72.94949 -36.91813 367
-72.46319 -38.14841 367
-72.7119 -37.40051 367
-72.06201 -38.0074 367
-72.98367 -36.94718 367
-72.83307 -36.45644 367
-72.99225 -37.08992 367
-72.98289 -36.94893 367
-72.83894 -36.46701 367
-72.47041 -38.15143 367
-72.83648 -36.47065 367
-72.44401 -38.12193 367
-72.81366 -37.562 367
-72.83598 -36.53646 367
-72.79305 -37.57541 367
-72.78349 -37.5826 367
-72.44453 -38.12449 367
-72.49504 -38.1558 367
-73.10191 -37.28008 367
-73.07956 -37.22053 367
-72.84666 -36.54577 367
-72.80917 -37.55425 367
-72.49756 -38.15284 367
-72.4325 -38.11865 367
-72.81688 -37.56012 367
-72.9987 -37.0914 367
-72.78291 -37.58539 367
-72.84619 -36.54039 367
-72.70937 -37.41091 367
-72.93457 -36.6636 367
-72.94592 -36.9236 367
-72.78542 -36.79953 367
-72.69697 -37.44236 367
-72.44675 -38.12083 367
-72.06585 -38.00764 367
-72.56384 -37.99576 367
-72.94797 -36.91941 367
-72.83498 -36.4636 367
-72.68971 -37.39233 367
-73.0858 -37.28465 367
-72.71338 -37.38445 367
-73.07675 -37.27733 367
-72.69804 -37.45132 367
-72.43874 -38.12035 367
-72.75597 -37.67738 367
-72.68507 -37.39882 367
-72.83664 -36.54352 367
-72.48141 -38.15461 367
-72.82533 -36.46082 367
-72.80542 -37.57307 367
-72.86031 -38.43299 367
-73.1058 -37.24068 367
-72.28053 -38.10926 367
-72.46446 -36.502 367
-72.34113 -37.8092 367
-72.75403 -37.68327 367
-72.68455 -37.39272 367
-72.79249 -37.57773 367
-72.68169 -37.39655 367
-72.55966 -37.99072 367
-71.62167 -36.50625 367
-72.55947 -38.00085 367
-73.09782 -37.11893 367
-72.84299 -36.47261 367
-72.5535 -36.81888 367
-72.85886 -36.52508 367
-72.45747 -36.7981 367
-72.15529 -37.93951 367
-72.46066 -36.49416 367
-72.85268 -36.52805 367
-72.52391 -36.81013 367
-72.16331 -37.94003 367
-72.58112 -36.79771 367
-72.75319 -37.68074 367
-72.56332 -38.00107 367
-72.79076 -36.80091 367
-72.47111 -36.48375 367
-72.84665 -36.52971 367
-71.6172 -36.51193 367
-72.32597 -37.86621 367
-72.33004 -37.86773 367
-72.57146 -36.69228 367
-72.68846 -37.40437 367
-73.00189 -37.09159 367
-72.55349 -36.81813 367
-73.08164 -37.28509 367
-72.51373 -36.48301 367
-72.57621 -36.68731 367
-72.52155 -36.49174 367
-72.50997 -36.47669 367
-72.43549 -38.11536 367
-71.62208 -36.50651 367
-72.16359 -37.94067 367
-72.45532 -36.8028 367
-72.70007 -37.44791 367
-72.15483 -37.9447 367
-72.52325 -36.81536 367
-72.4579 -36.8005 367
-72.48621 -36.48143 367
-72.68199 -37.39849 367
-72.48058 -36.49324 367
-72.52823 -36.4945 367
-72.42083 -38.19532 367
-72.49218 -36.48318 367
-72.48087 -36.49678 367
-72.57221 -36.69182 367
-72.50396 -36.48661 367
-72.47355 -36.47773 367
-72.55741 -37.99653 367
-72.52335 -36.48891 367
-72.46892 -36.48984 367
-72.413 -38.19954 367
-72.49507 -36.49074 367
-72.69837 -37.44599 367
-72.51952 -36.48867 367
-72.52086 -36.48875 367
-72.49417 -36.49219 367
-72.53751 -38.13217 367
-72.5831 -36.79823 367
-72.84626 -36.54631 367
-72.48295 -36.4872 367
-72.52401 -36.48369 367
-72.52475 -36.48901 367
-72.55727 -36.81742 367
-72.6888 -37.73818 367
-72.15565 -37.94019 367
-72.45805 -36.81137 367
-72.45736 -36.80572 367
-72.59057 -38.11224 367
-72.84486 -36.46645 367
-72.56456 -36.81787 367
-72.45855 -36.81042 367
-72.48401 -36.50095 367
-72.15991 -37.94167 367
-72.85088 -36.52461 367
-72.49651 -36.4925 367
-72.40182 -37.70705 367
-72.53732 -36.83205 367
-72.60213 -37.13026 367
-72.41486 -38.19739 367
-72.28728 -38.11122 367
-72.40665 -38.19691 367
-72.40515 -37.71457 367
-72.48985 -36.81288 367
-72.28675 -38.11646 367
-72.39706 -37.71878 367
-72.84775 -36.5464 367
-72.46562 -36.80101 367
-72.6273 -37.63772 367
-72.47016 -36.80686 367
-72.45865 -36.80616 367
-72.40213 -37.71847 367
-72.46179 -36.8116 367
-72.39828 -37.71823 367
-72.4888 -36.81326 367
-72.83822 -36.54369 367
-72.51266 -36.48243 367
-72.47058 -36.50378 367
-72.84645 -36.53945 367
-72.85038 -36.52394 367
-72.46104 -36.80447 367
-72.46248 -36.80639 367
-72.8397 -36.53782 367
-72.46121 -36.80598 367
-72.4693 -36.81207 367
-72.56005 -37.99554 355.29
-72.85301 -36.53508 330.83
-72.47749 -38.06945 330.02
-72.86465 -36.55221 332.18
-72.70373 -37.45033 330.73
-72.52379 -36.80945 333.09
-72.09296 -37.99477 333.09
-72.70473 -37.43762 330.13
-72.51845 -38.03986 331.94
-72.96313 -38.18677 334.62
-72.86195 -36.55043 332.93
-73.09265 -37.28503 334.49
-72.53476 -38.13673 334.7
-73.10706 -38.40914 333.88
-72.52094 -38.14383 335.59
-72.71107 -37.4486 334.36
-72.709 -37.45195 338.56
-72.39694 -37.72871 339.35
-72.4245 -37.59861 339.8
-72.17203 -37.91969 344.33
-72.4689 -36.80136 318.25
-72.46684 -36.80616 315.28
-72.47607 -36.50537 207.93
-72.48 -36.47962 207.93
-72.46694 -36.8014 367
-72.46504 -36.80623 367
-72.4727 -36.49767 367
-72.85233 -36.5477 367
-72.46631 -36.80663 367
-72.46671 -36.49593 367
-72.48792 -36.50247 367
-72.85088 -36.54765 367
-72.85111 -36.54077 367
-72.46176 -36.80075 367
-72.48409 -36.50223 367
-72.84488 -36.53931 367
-72.28587 -38.11081 367
-72.84958 -36.54068 367
-72.46552 -36.81183 367
-72.8431 -36.54507 367
-72.48477 -36.49702 367
-72.85133 -36.54605 367
-72.84136 -36.538 367
-72.84157 -36.54495 367
-72.13112 -38.20641 299.44
-73.11266 -38.41681 299.82
-73.12592 -38.11814 311.97
-73.15146 -38.11713 303.2
-73.10686 -38.41425 301.38
-72.92405 -36.66003 298.96
-73.07986 -38.06485 298.5
-73.04675 -38.15787 312.26
-73.06659 -38.10717 297.95
-73.10851 -38.02974 303.35
-72.80412 -36.76986 299.34
-72.79427 -36.66586 298.26
-72.29293 -38.11455 305.41
-73.05768 -38.12691 308.36
-72.41557 -38.1954 329.76
-72.13019 -38.20304 297.97
-72.89866 -36.52976 300.67
-73.15244 -38.12059 311.96
-72.86646 -36.55013 314.02
-73.11585 -38.40899 301.18
-72.79905 -36.66497 297.37
-73.06126 -38.12263 301.7
-73.14835 -38.12496 304
-72.79829 -36.76727 297.47
-73.03935 -38.16378 302.47
-72.59408 -38.1112 314.27
-72.29198 -38.11117 327.12
-73.11431 -38.34314 315.15
-72.96931 -38.18023 319.9
-72.48634 -38.14803 299.7
-73.07863 -38.07959 299.74
-73.14747 -38.12149 308.35
-73.08105 -37.17219 322.87
-72.91 -36.94784 298.01
-72.7979 -36.66515 306.31
-72.58942 -38.11203 310.57
-73.07503 -38.06574 322.02
-72.4192 -38.1912 329.55
-72.9268 -36.91917 313.26
-72.89207 -36.54197 300.01
-72.79885 -36.66862 298.4
-73.0801 -37.1687 301.73
-73.07595 -38.06919 298.9
-72.30575 -38.01357 299.16
-72.95893 -38.17851 303.25
-72.4146 -38.19201 329.04
-73.11179 -38.41335 310.09
-72.57325 -38.01263 299.74
-73.0808 -38.06831 327.61
-73.09262 -37.11524 300.33
-72.84194 -36.47422 327.79
-72.48402 -38.14765 301.11
-72.99077 -36.94768 310.33
-72.57677 -38.00843 304.11
-72.4388 -38.11726 315.51
-73.03838 -38.16034 328.66
-72.56361 -37.99646 302.66
-72.91546 -36.93222 300.79
-72.93613 -36.58121 310.61
-72.47691 -38.14969 317.4
-72.89484 -36.53413 302.83
-72.778 -37.633 305.3
-72.50592 -36.50334 300.31
-72.8 -36.66845 304.2
-72.9283 -36.94083 308.4
-72.88849 -36.53869 298.04
-73.04326 -38.15944 330.7
-72.56458 -37.99986 307.29
-72.46788 -38.13349 300.97
-72.49092 -38.07954 302.69
-72.28738 -38.11198 325.02
-72.46149 -38.1275 315.66
-72.87984 -36.54397 318.42
-72.93855 -36.65733 325.84
-72.57632 -38.02281 302.47
-72.8847 -36.54306 307.34
-73.07099 -37.08992 312.01
-73.11002 -38.40643 331.45
-72.54979 -37.99892 304.53
-72.44076 -38.10624 301.78
-72.94411 -36.92696 303.87
-72.57803 -38.02111 301.88
-72.92241 -36.93826 304.33
-72.87012 -36.54578 307.55
-73.0787 -37.21659 306.66
-72.26197 -38.06379 316.06
-72.59106 -38.10101 313
-72.93204 -36.58564 307.67
-72.59208 -38.10441 304.86
-72.4365 -37.77147 304.64
-72.26098 -38.06042 316.38
-72.96194 -36.95296 298.28
-72.58474 -38.11285 327.67
-72.93095 -36.93304 305.48
-72.2218 -37.59053 308.16
-72.59005 -38.09762 307.14
-72.33733 -37.87711 300.3
-72.4425 -38.11304 327.5
-72.55045 -36.47635 305.66
-72.44163 -38.10965 313.4
-72.28833 -38.11536 337.15
-72.80096 -37.57467 310.42
-73.09506 -37.28657 327.33
-72.92506 -36.59794 300.44
-72.55718 -37.99046 304.51
-72.45523 -38.05381 322.26
-72.95866 -36.94257 309.26
-72.9762 -38.29956 333.87
-72.87501 -36.54487 312.26
-72.55809 -37.99387 316.69
-72.13628 -37.93377 300.76
-72.55617 -36.47894 303.36
-72.49789 -36.54463 304.36
-72.85213 -36.5456 302.02
-72.79623 -37.57552 328.4
-72.66947 -37.89313 301.3
-73.0442 -38.16289 325.95
-72.76961 -37.63812 309.24
-72.34066 -37.8454 301.3
-72.96458 -38.18109 321.69
-72.99597 -37.09284 304.92
-72.78163 -37.62873 311.61
-72.87119 -37.45952 315.36
-73.01781 -37.08513 303.38
-72.31732 -37.81394 298.94
-72.16764 -37.94244 309.12
-72.87752 -36.54463 324.9
-72.86651 -37.46037 299.74
-72.30481 -38.01019 331.48
-72.92723 -36.56817 332.27
-72.7953 -37.62267 307.01
-72.85347 -36.47941 333.07
-72.74625 -37.66034 302.06
-72.80576 -37.41247 308.37
-72.53445 -36.49011 316.86
-73.08617 -37.26991 307.57
-72.9953 -37.06021 307.83
-72.85734 -36.47503 309.51
-72.71224 -37.43654 303.25
-72.75826 -37.66329 315.6
-72.93516 -36.57772 328.19
-72.40575 -37.70304 323.03
-72.52126 -36.478 305.49
-72.65198 -37.90902 300.6
-72.39681 -37.63681 314.27
-72.87495 -36.53776 307.15
-72.85455 -36.46455 305.77
-72.91586 -36.95042 306.34
-72.91489 -36.94695 329.61
-72.40025 -37.71828 303.47
-72.96288 -36.95644 302.38
-72.33795 -37.84498 308.42
-73.08051 -38.36014 338.85
-72.47367 -38.06835 318.94
-72.88958 -36.54215 326
-72.91917 -36.92789 332.16
-72.3397 -37.84201 301.93
-72.51062 -36.50248 328.84
-72.20037 -37.79192 307.43
-72.19852 -37.80289 306.94
-72.5514 -36.4798 323.07
-72.96114 -36.9348 327.79
-72.20128 -37.79531 301.42
-72.86783 -36.53173 309.09
-72.87262 -36.54552 311.5
-72.32177 -37.79537 314.42
-72.39899 -37.72463 317.06
-72.74346 -37.36948 299.67
-72.06378 -38.0065 318.98
-72.49883 -36.54808 306.74
-72.14125 -37.95059 301.08
-72.88724 -36.54286 326.51
-72.53164 -36.47975 299.88
-73.08247 -37.27426 315.94
-72.50072 -36.49257 310.81
-72.92604 -36.58308 317.73
-72.85323 -36.54906 305.34
-72.92821 -36.57167 328.86
-73.08328 -37.27777 316.05
-72.74919 -37.66494 316.88
-72.34098 -37.8729 313.5
-72.78799 -37.5987 316.52
-72.92917 -36.57516 312.47
-72.84466 -36.46638 314.59
-72.93302 -36.93997 315.62
-72.34485 -37.88645 311.67
-72.71669 -37.39964 301.94
-72.19762 -37.7995 313.06
-73.03383 -37.06749 299.9
-72.69095 -37.41152 305.42
-73.10705 -37.27334 311.35
-72.93417 -36.57423 343.16
-72.89001 -36.58241 310.38
-72.99747 -37.06713 313.04
-72.06615 -37.97423 325.66
-73.01058 -37.07549 305.55
-72.92403 -36.59446 312.82
-72.52882 -36.4875 328.33
-72.49554 -36.50162 312.56
-72.19857 -37.78514 306.93
-72.3235 -37.78439 304.96
-72.06618 -37.99187 330.16
-72.78772 -37.58068 314.58
-72.1668 -37.93905 310.73
-72.50736 -36.49861 308.85
-72.07071 -37.97345 317.89
-73.02764 -37.06499 311.35
-72.19307 -37.8003 303.84
-72.929 -36.59354 317.26
-72.20016 -37.88715 309.81
-71.63218 -36.50807 308.88
-73.09666 -37.11083 315.89
-73.05112 -38.13897 339.79
-72.84639 -36.45507 316.62
-72.76859 -37.6347 300.82
-72.2011 -37.89053 311.33
-72.84376 -36.51783 302.8
-72.43274 -37.59959 302.54
-72.7922 -37.61238 327.61
-72.17043 -37.93488 303.35
-72.81023 -37.55126 307.91
-72.99172 -36.95116 344.14
-72.87986 -36.53687 300.48
-72.33631 -37.85594 313.49
-72.08293 -37.99957 313.04
-73.03175 -37.06452 310.19
-72.53817 -36.48582 312.87
-72.71686 -37.41766 302.48
-72.95647 -36.93566 310.12
-72.40487 -37.71746 336.35
-72.08105 -37.99994 315.06
-72.32445 -37.78778 300.96
-72.52315 -36.4849 319.67
-72.52693 -36.4806 319.44
-72.87373 -36.54145 300.76
-72.49413 -36.54893 301.13
-73.00496 -37.09118 327.74
-72.52786 -36.48405 321.56
-73.03191 -37.06052 313.54
-72.33021 -37.80811 304.3
-72.38345 -37.75594 324.85
-72.85642 -36.47153 328.87
-72.5738 -36.80425 300.48
-72.31338 -37.78262 311.86
-72.6853 -37.40893 311.38
-72.92504 -36.93047 308.38
-72.07892 -37.96849 309.96
-72.50175 -36.88715 301.1
-72.9466 -36.95211 335.34
-72.95713 -36.9209 329.52
-72.50964 -36.49904 321.95
-72.70635 -37.45706 305.49
-72.06361 -37.99937 309.45
-72.89476 -36.58154 305.84
-72.79926 -37.51969 312.87
-72.78815 -37.61673 300.8
-72.93481 -36.6617 350.91
-72.49035 -36.55324 313.83
-73.10159 -37.27069 310.4
-73.00408 -37.06938 309.88
-72.72455 -37.37293 301.35
-72.70969 -37.44422 314.4
-72.52598 -36.47715 330.87
-73.08525 -37.27397 321.67
-73.08334 -37.21574 330.24
-73.09485 -37.27221 324.32
-72.07436 -37.96928 301.5
-72.08096 -37.99284 335.27
-72.86893 -36.54234 319.98
-72.78295 -37.58155 317.74
-72.08813 -37.98454 330.94
-72.06836 -38.0057 333.69
-72.87135 -36.54208 325.74
-72.15105 -37.93473 301.53
-72.84148 -36.45598 304.97
-73.00687 -37.07984 320.42
-72.74965 -37.6865 304.78
-72.86427 -36.53605 302.34
-72.7031 -37.43819 336.13
-72.50166 -36.49601 316.85
-72.53127 -36.82635 301.84
-72.99948 -37.08853 331.7
-72.86308 -36.5326 306
-72.86661 -36.54295 315.28
-72.33735 -37.85931 320.4
-72.49141 -36.49424 305.35
-72.07077 -37.99107 326.75
-73.08789 -37.27691 320.82
-72.68903 -37.40465 322.87
-72.99583 -37.07457 302.19
-72.99403 -37.08588 312.27
-72.0765 -38.00074 329.19
-72.16584 -37.93568 305.13
-72.54062 -36.82468 316.13
-72.43177 -37.59619 311.58
-72.57015 -36.80853 304.48
-72.32193 -37.81313 331.24
-72.72359 -37.36949 329.84
-72.78606 -37.60988 307.02
-72.94767 -36.92264 333.1
-73.08875 -37.28041 320.94
-72.53517 -36.83055 303.28
-72.47978 -36.79953 304.19
-72.07536 -37.99028 306.66
-72.9985 -37.07061 315.53
-73.07772 -38.07613 346.7
-72.0682 -37.99858 303.78
-72.7983 -37.51625 308.53
-73.09161 -37.21054 332.72
-72.86095 -36.52566 331.52
-72.78529 -37.62446 307.61
-72.73024 -37.37551 315.57
-72.51902 -36.79967 301.88
-72.07837 -38.00035 330.11
-72.72549 -37.37637 304.17
-71.62868 -36.51221 321
-72.57479 -36.80769 324.63
-72.90258 -36.57275 305.55
-72.98941 -37.08674 303.62
-72.49329 -36.50114 325.61
-72.94979 -36.92957 315.7
-72.86898 -36.53518 327.18
-73.0267 -37.0615 321.52
-72.89676 -36.57016 322.76
-72.48016 -38.1519 319.64
-72.98567 -36.9486 328.61
-72.8476 -36.51347 334.13
-72.48903 -36.79786 310.04
-72.9939 -37.06761 335.58
-72.94875 -36.9261 322.7
-72.19399 -37.80369 320.58
-72.58239 -36.67878 328.41
-72.48941 -36.54979 310.62
-72.85255 -36.47592 333.08
-72.53767 -36.81437 324.83
-72.80296 -37.56345 302.77
-72.84254 -36.45945 338.17
-72.49177 -38.08295 345.86
-72.58518 -36.65292 303.05
-72.84567 -36.5248 329.52
-72.53583 -36.80748 302.86
-72.86543 -36.5395 311.69
-72.49192 -36.80816 304.69
-72.47606 -36.8038 304.08
-72.8642 -36.54322 328.99
-72.86891 -36.51688 303.13
-72.50494 -36.4999 343.06
-72.8496 -36.46547 317.84
-72.92132 -36.9348 335.64
-72.92456 -36.94518 336.29
-72.70499 -37.42703 334.92
-72.85329 -36.51608 313.78
-73.10306 -37.27775 342.13
-72.86192 -36.52914 331.75
-72.79149 -37.57639 322.48
-72.8436 -36.46291 342.17
-72.99944 -37.07024 325.76
-72.06279 -38.00315 328.2
-72.93108 -36.58215 343.7
-72.52001 -36.80311 326.12
-72.71498 -37.41078 344.78
-72.53674 -36.81093 313.96
-72.56198 -36.81361 325.31
-72.49095 -36.80473 309.52
-72.14028 -37.9649 324.08
-72.57098 -36.69171 329.59
-73.09827 -37.27864 321.05
-72.85708 -36.53003 327.38
-72.53777 -36.82285 314.41
-71.61964 -36.51377 317.59
-72.1546 -37.93056 340.14
-72.89188 -36.57107 322.4
-72.53024 -36.80488 309.21
-73.00307 -37.08421 317.26
-72.13856 -37.95812 310.99
-71.62567 -36.50214 331.5
-72.5321 -36.81176 311.45
-72.8597 -37.45436 324.84
-72.69959 -37.44244 311.17
-72.52467 -36.80227 311.96
-72.74806 -37.67957 323.11
-73.08581 -37.22261 348.5
-72.71863 -37.38845 331.88
-72.86005 -36.52217 332.43
-73.006 -37.07634 331.29
-73.00043 -37.07372 311.02
-72.5396 -36.82125 330.23
-72.48074 -36.80296 329.68
-71.62412 -36.513 324.29
-72.99389 -37.07145 334.83
-72.52221 -36.48145 337.77
-72.52837 -36.81604 324.4
-72.57114 -36.81196 337.22
-72.92023 -36.93135 341.72
-72.75538 -37.67103 303.32
-72.56622 -36.69257 319
-72.80386 -37.5669 339.62
-72.33548 -37.87032 348.38
-72.48352 -36.81328 311.73
-73.08264 -38.07523 331.36
-72.49605 -36.4934 323.01
-72.14479 -37.96411 343.01
-72.57479 -36.6874 331.15
-72.50023 -36.50076 343.98
-72.44337 -38.11645 329.43
-71.62764 -36.50886 307.68
-72.84664 -36.52829 319.59
-73.09185 -37.27251 334.72
-72.86976 -36.52038 326.99
-72.71075 -37.44764 336.14
-72.8 -37.57122 345.02
-72.8061 -37.55564 313.4
-72.95238 -36.92177 352.07
-72.53861 -36.81781 344.01
-72.70409 -37.44162 335.48
-72.85948 -36.53692 332.08
-73.01695 -37.08163 340.73
-72.87012 -36.53864 336.97
-72.33462 -37.86692 330.03
-72.40299 -37.71067 320.69
-72.85941 -36.54412 341.13
-72.40393 -37.71407 333.85
-72.99857 -37.08504 335.85
-72.49233 -36.49769 345.98
-72.79022 -37.62357 346.23
-72.16022 -37.93312 339.22
-72.99483 -37.0711 333.83
-72.4845 -36.81671 326.03
-72.53117 -36.80832 338.65
-73.00965 -37.072 335.26
-72.85826 -36.53348 339.43
-72.71982 -37.37379 337.59
-72.33836 -37.86269 320.05
-72.72074 -37.37724 333.26
-72.75173 -37.6753 311.74
-72.49796 -36.5003 329.98
-72.52928 -36.81949 334.52
-71.61865 -36.51042 331.46
-72.71572 -37.39621 342.02
-72.75005 -37.6684 341.3
-72.7148 -37.39276 353.64
-72.19948 -37.78853 329.65
-72.46873 -38.1369 351.28
-72.86582 -36.52477 342.39
-72.86185 -36.54382 344.8
-72.52654 -36.80916 345.71
-72.86535 -36.54667 346.57
-72.76447 -37.66938 344.58
-72.86067 -36.54037 345.91
-72.95811 -36.92438 344.66
-72.75377 -37.66411 351.68
-72.7013 -37.4313 344.13
-72.93372 -36.65823 351.63
-72.49001 -36.80129 340.04
-72.4929 -36.81159 336.51
-72.71775 -37.385 339.11
-72.56903 -36.68482 331.05
-72.81264 -37.56168 331.12
-72.57864 -36.68309 344.25
-72.57004 -36.68826 339.93
-72.81189 -37.5582 343.07
-72.49014 -36.8193 355.65
-72.80694 -37.5591 322.26
-72.53349 -36.48666 351.97
-72.40206 -37.70726 331.99
-73.08359 -38.07868 329.93
-72.71603 -37.37809 349.8
-72.57383 -36.68396 338.01
-71.6221 -36.50629 317.84
-73.09427 -37.28305 353
-73.01588 -37.08698 330.03
-72.46957 -38.1403 351.98
-72.83099 -36.45612 346.3
-72.99506 -37.08935 354.66
-72.47228 -36.80808 347.18
-72.47042 -36.8012 343.34
-72.83578 -36.45747 339.87
-72.84569 -36.46986 352.74
-73.02745 -37.06591 335.08
-71.62309 -36.50965 333.43
-72.80494 -37.56961 342.73
-72.93456 -36.58335 331.48
-72.80074 -37.57117 331.06
-72.83311 -36.54224 342.11
-72.80618 -37.57274 337.61
-72.703 -37.41111 338.32
-72.75622 -37.67449 346.02
-72.43425 -38.11268 332.29
-72.70837 -37.38951 352.23
-72.95249 -36.95469 334.54
-72.78854 -37.62565 332.23
-72.85421 -36.51957 343.88
-72.16129 -37.93647 337.86
-72.79054 -37.58114 350.2
-72.86299 -36.54728 350.44
-72.49187 -38.15549 349.12
-72.06715 -37.99522 345.7
-72.48918 -36.81587 347.63
-72.70795 -37.39484 334.44
-72.58994 -36.65205 350.24
-73.10682 -37.21889 340.35
-72.95486 -36.91964 335.48
-73.0756 -38.41264 338.35
-72.99872 -37.09683 347.22
-72.92818 -36.56921 344.2
-73.08559 -37.16859 341.76
-72.46726 -38.14866 336.05
-72.53302 -36.81521 345.52
-72.70945 -37.38422 345.38
-72.47931 -38.14849 345.61
-72.75985 -37.67022 323.04
-72.46295 -36.80976 348.47
-72.80941 -37.57329 339.02
-72.43362 -38.12131 332.93
-72.7051 -37.44505 353.81
-72.80779 -37.56257 333.32
-72.80726 -37.55449 337.61
-72.92646 -36.58926 345.67
-73.08248 -37.28447 338.14
-73.10235 -37.27422 349.49
-72.78665 -37.6058 338.78
-72.85233 -36.5309 328.89
-72.83444 -36.46138 355.67
-72.94262 -36.65936 342
-72.81535 -37.56823 334.57
-72.85109 -36.55139 336.67
-73.00311 -37.08081 348.27
-72.70522 -37.39024 338.19
-72.8343 -36.53624 353.07
-72.814 -37.55564 335.83
-72.81262 -37.55249 356.07
-72.81213 -37.55478 331.54
-72.74604 -37.68098 340.15
-72.13944 -37.96151 334.35
-73.0799 -37.27886 352.89
-72.4927 -38.15142 335.93
-72.96358 -38.17766 354.98
-72.81821 -37.5633 332.76
-72.46424 -38.14316 351.69
-72.48279 -38.15493 336.92
-72.99542 -37.09729 341.49
-72.81255 -37.56268 333.52
-73.00726 -37.07562 345.32
-72.92293 -36.57188 353.33
-72.70885 -37.37828 343.5
-72.85133 -36.52742 355.04
-72.1576 -37.94066 352.8
-72.95595 -36.92192 346.97
-72.99536 -37.09121 333.65
-72.80727 -37.5516 332.65
-73.07576 -38.07903 332.1
-72.95681 -36.92424 351.19
-72.71888 -37.37034 344.42
-73.09857 -37.12017 338.42
-72.85455 -36.54502 337.12
-73.07328 -37.28 336.19
-72.70042 -37.43722 344.22
-72.77464 -37.63764 352
-72.49564 -38.08646 331.8
-72.77764 -37.63543 349.51
-72.57676 -36.79649 340.18
-72.71463 -37.37993 339.08
-72.81314 -37.5683 354.81
-72.44159 -38.11715 344.14
-72.81634 -37.56639 347.6
-72.67906 -37.40231 346.21
-72.48232 -36.47357 345.63
-72.57208 -36.79733 343.02
-72.85499 -36.52213 330.78
-72.6904 -37.40553 335.61
-72.68057 -37.40389 331.99
-72.84335 -36.52415 337.32
-73.00207 -37.09703 335.84
-72.41222 -38.16009 344.66
-72.8447 -36.52132 332.08
-72.86079 -37.45779 333.26
-72.69548 -37.43512 331.57
-72.10457 -37.96321 337.09
-72.85567 -36.54848 322.89
-72.44021 -38.11438 355.22
-72.68501 -37.40589 338.67
-73.07822 -38.41274 334.72
-72.7203 -37.36878 331.18
-72.92641 -36.56955 353.44
-72.92849 -36.94181 343.3
-72.94767 -36.95557 334.1
-72.85342 -36.53436 351.85
-72.52134 -36.47994 348.61
-72.15562 -37.93393 353.06
-72.75308 -37.66459 350.65
-72.9534 -36.92098 351.47
-71.61058 -36.50996 335.61
-72.68474 -37.40392 332.39
-72.79601 -37.52147 334.08
-72.5771 -36.7991 331.52
-72.75256 -37.67876 343.32
-72.48726 -38.1552 348.36
-72.92971 -36.58305 333.59
-73.07748 -37.27327 344.08
-72.71085 -37.37894 345.84
-72.70939 -37.41296 355.87
-72.57681 -36.79835 331.16
-72.15611 -37.93999 349.42
-72.14151 -37.96024 332.81
-72.29124 -38.11238 335.05
-72.27797 -38.11504 341.44
-72.15664 -37.93729 342.1
-72.69886 -37.43531 344.98
-72.06583 -38.00676 338.07
-72.46761 -36.80893 348.01
-72.56866 -36.81591 331.25
-73.08105 -37.27347 338.04
-72.84772 -36.53355 330.58
-72.96043 -38.17971 345.53
-72.48822 -36.81243 342.12
-72.50125 -36.4791 354.75
-72.56569 -36.68937 331.56
-72.7244 -37.36902 334.92
-72.53544 -38.13143 354.72
-72.69769 -37.4317 347.48
-72.14499 -37.96045 340.21
-72.16711 -37.94028 331.19
-72.84644 -36.52627 350.52
-72.49198 -38.08625 338.49
-72.56567 -37.99244 334.94
-72.4183 -38.20106 341.01
-72.71429 -37.40058 335.41
-72.7196 -37.3741 343.75
-72.48846 -38.08604 355.31
-72.56867 -36.81658 336.05
-73.10635 -37.24093 331.21
-72.5668 -36.69046 355.38
-72.15851 -37.94495 344.97
-72.15511 -37.94539 355.85
-72.79724 -36.77456 333.51
-72.86492 -36.52127 350.55
-72.79704 -36.77587 335.44
-72.47488 -38.15008 356.2
-72.4962 -38.15575 353.78
-72.0694 -38.00777 337.97
-73.11623 -38.41175 334.02
-72.71693 -37.38154 351.76
-72.51033 -38.04398 338.78
-72.68998 -37.3943 356.49
-72.52705 -36.48157 355.25
-72.69669 -37.4477 335.1
-72.5133 -38.04204 352.01
-72.85701 -36.54471 330.04
-72.56577 -36.82171 330.95
-71.61594 -36.50454 339.39
-72.86033 -36.55039 336.4
-72.52717 -36.49338 345.42
-72.58019 -36.80295 348.66
-72.28869 -38.11816 335.45
-72.68858 -37.73549 340.29
-72.51572 -36.47833 354.48
-72.85029 -36.53528 330.48
-72.75658 -37.68093 356.11
-72.69299 -37.39929 354.28
-71.62319 -36.50529 338.1
-72.45283 -38.05323 340.26
-72.8015 -36.77482 335.62
-71.61774 -36.51221 334.65
-72.84853 -36.51695 341.5
-72.85579 -36.55167 335.37
-72.83988 -36.46502 354.66
-72.24992 -38.36485 343.23
-72.85468 -36.53521 334.81
-72.84863 -36.53524 334.8
-72.52367 -36.81036 343.75
-72.14304 -37.95734 347.47
-72.53978 -38.13632 331.83
-72.5798 -36.79801 339.17
-72.58376 -36.80316 348.04
-71.6164 -36.50478 347.04
-72.79667 -37.57796 346.92
-72.68454 -37.40413 353.51
-72.56091 -36.81765 350.81
-72.51236 -36.48298 339.01
-72.85567 -36.54207 330.38
-72.48989 -36.50267 346.37
-71.61608 -36.50477 344.3
-72.70141 -37.45152 351.23
-72.52132 -36.81539 351.33
-72.71733 -37.38469 336.1
-72.16742 -37.93728 340.24
-72.51836 -36.4841 355.89
-72.07174 -37.99443 353.25
-72.58571 -36.65597 356.21
-72.41552 -38.19379 342.16
-72.53884 -36.83381 336.09
-72.5311 -36.48938 344.4
-72.43835 -38.12032 338.63
-72.5824 -36.80347 351.82
-72.49576 -36.50437 338.55
-72.48539 -36.49182 335.54
-72.48022 -36.50199 336.56
-72.51934 -38.04376 337.19
-72.57545 -36.69254 349.41
-72.517 -38.14556 346.65
-72.80864 -37.56603 350.31
-72.55972 -36.82066 354.77
-72.25518 -38.36637 333.39
-72.41893 -38.19762 346.47
-72.70359 -37.44277 351.35
-72.58431 -36.65613 339.13
-72.6935 -37.73689 354.94
-73.08666 -37.27924 351.66
-71.11133 -36.95101 350.66
-72.58016 -36.68757 348.88
-73.08723 -37.28402 339.66
-73.11404 -38.41029 337.77
-72.5597 -36.81994 355.98
-72.49281 -36.49227 338.95
-72.7018 -37.44083 356.47
-72.84721 -36.52439 349.54
-72.68731 -37.39815 349.06
-72.70024 -37.44257 353.08
-72.57099 -36.69091 356.06
-72.58441 -36.79791 352.88
-72.53054 -36.81581 344.53
-72.4868 -36.49169 338.21
-72.85815 -36.54816 337.99
-73.00504 -37.07286 341.08
-72.51711 -36.48849 349.82
-72.62642 -37.63354 338.09
-72.51577 -36.48844 337.02
-72.48634 -36.49491 353.72
-72.52011 -36.48345 339.09
-72.48727 -36.81879 339.3
-72.47606 -38.15306 341.46
-72.84944 -36.52045 350.44
-72.49805 -36.48489 351.76
-72.15936 -37.93977 355.74
-72.47858 -38.15467 354.61
-72.85411 -36.542 341.67
-72.51561 -36.49001 347.5
-72.32996 -37.86645 351.86
-72.15967 -37.94043 352.92
-72.5276 -36.81035 347.56
-72.71218 -37.38973 354.19
-72.84707 -36.47287 355.56
-72.14391 -37.96073 327.51
-72.52161 -38.04663 343.94
-72.48717 -36.50859 353.68
-72.9376 -36.65792 348.25
-72.83007 -36.46218 347.02
-72.16163 -37.94157 355.39
-72.56823 -36.81809 346.38
-71.62664 -36.5055 335.08
-72.34489 -37.84911 339.49
-72.85522 -36.54093 350.16
-72.47471 -36.80188 341.79
-72.40776 -38.19804 337.32
-72.53203 -36.49476 336.18
-72.47475 -36.49154 353.28
-72.52538 -36.4838 355.54
-72.16219 -37.93986 335.34
-72.48439 -36.81825 344.26
-72.8571 -36.54906 343.48
-72.5307 -36.49462 344.63
-71.10416 -36.95153 342.32
-72.85471 -36.52483 339.43
-72.48158 -36.50697 354.83
-72.60524 -37.13164 337.83
-72.85459 -36.53782 333.26
-72.49787 -36.49244 353.91
-73.08331 -37.27905 350.69
-72.84748 -36.46754 340.87
-72.59258 -38.10266 355.3
-72.52631 -36.81033 352.28
-72.49166 -36.5027 352.78
-72.47832 -36.4993 351.39
-72.46203 -36.80632 324.59
-72.86305 -36.52533 354.57
-72.47272 -36.80675 355.95
-72.53321 -36.83707 342.37
-72.46353 -36.79851 353.82
-72.47137 -36.80465 340.93
-72.60126 -37.13138 351.14
-72.84197 -36.47223 342.31
-72.52689 -36.81558 342.91
-72.49216 -36.81873 354.95
-72.58824 -38.10515 350.57
-73.07967 -37.28184 344.01
-72.47267 -36.80786 350.94
-72.62647 -37.64835 349.27
-72.39947 -37.71292 355.79
-72.85829 -36.52965 344.04
-72.50976 -36.4883 353.25
-72.86028 -36.52364 353.74
-72.48856 -36.49726 354.72
-72.4667 -36.80548 344.59
-72.46317 -36.79972 349.91
-72.58843 -38.10242 347.51
-72.48828 -36.81849 356.37
-72.28333 -38.1166 345.44
-72.52728 -36.48914 347.93
-72.85609 -36.52655 325.93
-72.39898 -37.71299 345.47
-72.4645 -36.81216 354.42
-72.57759 -36.79995 334.29
-72.40608 -37.71872 355.37
-72.4074 -37.70823 352.24
-72.46886 -36.80649 347.68
-72.62855 -37.64689 351.72
-72.51623 -36.48321 346.62
-72.40278 -37.71323 350.76
-72.85513 -36.52306 332.56
-72.47082 -36.80164 351.3
-72.8558 -36.54126 334.34
-72.4035 -37.70799 356.15
-72.45921 -36.80093 354.31
