-73.02969 -38.13504 331.74
-72.34444 -38.20085 315.18
-72.74556 -38.34349 307.97
-72.34069 -38.20111 298.8
-72.33167 -38.21366 296.89
-72.7384 -38.34398 331.67
-72.33408 -38.20644 338.01
-72.34008 -38.2045 326.97
-72.34399 -38.19571 340.33
-72.33726 -38.21199 324.74
-72.74388 -38.33347 318.25
-72.33797 -38.21163 307.88
-72.33692 -38.21224 337.55
-72.33443 -38.20619 343.5
-72.74734 -38.33556 327.56
-72.33975 -38.20478 340.45
-72.74847 -38.33049 302.41
-73.1291 -38.02419 297.92
-72.33417 -38.21189 325.92
-72.34024 -38.19596 335.9
-72.745 -38.32951 323.73
-72.43259 -37.93253 305.72
-73.12198 -38.02473 298.44
-72.43204 -37.92744 305.55
-72.7448 -38.33848 336.03
-73.12652 -36.78274 300.15
-72.42552 -37.92758 302.75
-72.42798 -37.9321 298.44
-72.43723 -37.92413 317.12
-72.74265 -38.33221 326.72
-73.12585 -36.78437 304.29
-72.43964 -37.9286 307.81
-72.74103 -38.33746 337.75
-72.44012 -37.93 317.47
-72.73684 -38.33395 338.83
-72.4314 -37.92585 350.13
-72.7378 -38.33895 341.36
-72.4343 -37.93172 350.65
-72.43383 -37.93034 354.74
-73.11594 -38.02603 330.23
-72.73593 -38.34352 346.95
-72.39095 -38.04367 346.31
