-72.0515 -38.2606 367
-73.0044 -36.98273 367
-73.00694 -36.98901 367
-72.25369 -37.26008 367
-73.08495 -36.9938 367
-73.0799 -36.95986 367
-72.04295 -38.26993 367
-73.07616 -36.98949 367
-72.04311 -38.26279 367
-73.07855 -36.96078 367
-72.28909 -37.97085 367
-73.075 -36.95864 367
-71.48875 -37.69558 330.19
-73.12894 -36.74788 333.09
-72.29233 -37.96273 335.62
-73.0441 -37.03241 336.41
-72.05126 -38.26402 303.18
-72.04598 -38.26283 367
-72.05408 -38.2658 327.65
-72.0545 -38.25861 343.31
-72.04841 -38.26559 304.74
-72.04559 -38.26591 320.36
-72.22598 -38.09602 299.08
-73.45397 -37.6003 298.14
-72.23141 -38.09477 309.15
-72.2265 -38.09389 300.94
-72.23191 -38.09262 301.76
-73.4511 -37.60037 296.32
-72.92019 -37.02106 316.78
-72.91248 -37.01789 308.27
-73.21265 -38.46894 297
-73.02343 -37.01593 297.22
-73.13452 -36.7449 328.06
-73.44658 -37.60659 297.43
-72.04292 -38.26067 321.42
-72.26018 -38.0929 298.29
-72.25475 -38.09414 297.34
-73.12743 -36.74509 304.04
-73.28137 -38.25934 302.84
-72.21777 -38.07436 303.53
-71.49207 -37.69817 295.07
-73.01175 -36.98258 295.06
-72.91412 -37.02251 324.63
-72.99997 -37.00198 323.56
-72.04145 -38.26256 316.12
-73.0914 -37.00045 297.19
-71.49582 -37.69732 298.06
-72.99837 -36.98239 298.18
-73.12289 -36.73487 326.25
-73.08113 -36.95301 303.16
-73.35925 -37.97266 296.61
-73.36666 -37.97589 304.03
-72.2577 -37.25791 317.27
-73.00545 -36.98221 324.1
-72.23897 -37.20139 305.87
-72.24179 -37.20504 309.02
-72.99728 -36.98287 299.94
-71.50365 -37.69555 297.71
-71.49476 -37.693 303.25
-73.09087 -36.98683 315.5
-72.25605 -37.24991 309.89
-73.08809 -36.98553 327.05
-73.09174 -36.99478 305.79
-72.22703 -37.2375 298.77
-72.23946 -37.20848 303.25
-72.23035 -37.24633 306.17
-73.02448 -37.00907 308.38
-72.23856 -37.84753 340.2
-73.04634 -37.02116 301.83
-73.08644 -36.9597 300.54
-72.24808 -37.26139 298.42
-72.25043 -37.25123 299.99
-73.12461 -37.07553 303.4
-73.0431 -37.02697 318.69
-73.07752 -37.00082 298.71
-73.36483 -37.9713 327.95
-73.04659 -37.02106 301.02
-73.07094 -36.97457 307.42
-73.09158 -36.9952 311.17
-73.04082 -37.02247 303.85
-73.09053 -36.99461 334.86
-73.36494 -37.97327 349.32
-73.07893 -36.97351 326.51
-72.23351 -37.20519 303.06
-73.08463 -37.00063 313.61
-72.2574 -37.25082 331.71
-73.07763 -36.97444 331.9
-73.0558 -37.02892 299.2
-73.08454 -36.987 320.76
-73.08498 -36.96066 303.66
-71.49092 -37.69387 330.67
-73.00576 -37.00059 304.96
-73.00204 -37.00653 305.6
-73.11795 -37.0757 304.07
-73.08792 -36.98594 338.34
-73.04829 -37.04087 324.54
-73.07218 -36.97369 336.16
-73.05725 -37.03362 303.37
-73.0914 -36.99364 343.2
-73.06437 -37.03694 312.18
-72.22869 -37.24191 326.57
-73.06753 -37.04285 343.98
-73.00761 -36.98502 338.41
-73.05216 -36.96055 315.63
-73.02371 -37.0115 327.88
-73.06181 -36.96793 314.68
-73.01243 -36.97881 306.85
-73.0723 -37.04007 301.77
-73.11818 -37.07713 308.72
-73.04671 -37.03619 338.3
-73.08984 -36.98781 342.52
-73.0705 -37.03545 302.06
-71.49966 -37.69645 306.36
-73.07253 -36.96686 331.42
-73.02337 -37.01151 327.53
-71.50188 -37.69748 307.62
-72.2402 -37.21 310.78
-73.06868 -37.03084 302.8
-72.99844 -36.98969 326.95
-73.07687 -36.9949 304.66
-72.99958 -36.9892 336.24
-73.05035 -37.03025 314.4
-73.06062 -37.04292 308.34
-72.49921 -36.82489 305.38
-72.23811 -37.20121 319.99
-72.23456 -37.2113 310.3
-73.05883 -37.0383 303.92
-72.23701 -37.20113 321.42
-73.04573 -36.96067 327.49
-73.12272 -37.0785 313.97
-73.07804 -36.99399 305.34
-72.99769 -36.99749 325.48
-73.06219 -36.9603 336.61
-73.04694 -36.96544 311.45
-73.08356 -36.98794 323.42
-72.23728 -37.21585 307.03
-72.23566 -37.21142 311.97
-73.0872 -36.9557 316.27
-73.07093 -36.96093 349.82
-72.23132 -37.20244 329.41
-73.08102 -36.95719 328.82
-73.07115 -36.96774 351.91
-73.07413 -36.98897 301.29
-73.05354 -37.03959 334.91
-73.11668 -37.07995 339.21
-73.08098 -36.98761 330.11
-73.07212 -36.99961 303.13
-73.08118 -36.98723 337.42
-73.08985 -36.99055 341.07
-73.09003 -36.99013 338.66
-72.23966 -37.20566 329.62
-73.05253 -36.96408 311.79
-73.31517 -38.00829 338.71
-73.07229 -36.96005 353.97
-73.07252 -36.96938 338.98
-73.04858 -37.02563 339.96
-73.35899 -37.97747 336.81
-72.25204 -37.25566 330.23
-73.05692 -36.95796 338.88
-72.99602 -36.99284 334.46
-73.11465 -37.07538 330.83
-73.0519 -37.03493 340.47
-73.06265 -36.95657 353.12
-73.12102 -37.07384 339.37
-73.06611 -37.04158 338.77
-72.25767 -37.25434 341.57
-72.99461 -36.98814 333.35
-72.23244 -37.20256 338.25
-73.4575 -38.24596 338.27
-73.07883 -36.99796 344.64
-73.05123 -36.95934 331.79
-73.07867 -36.99828 341.89
-73.05804 -36.96275 329.37
-72.23857 -37.20557 339.31
-73.07181 -36.95665 330.05
-73.06803 -36.95527 340.76
-73.08498 -36.99644 337.69
-73.07693 -36.96325 348.69
-73.08395 -36.99475 351.52
-73.08485 -36.99681 336.27
-73.21005 -38.47215 333.57
-73.07491 -36.95577 343.41
-73.05954 -36.96745 340.27
-72.23403 -37.20699 347.42
-72.23293 -37.20687 338.32
-73.08195 -36.95894 346.1
-73.0947 -36.99363 339.12
-73.09188 -37.00209 331.2
-73.07069 -36.96475 350.77
-73.08069 -36.99051 333.85
-72.05196 -38.26286 333.14
-73.03522 -37.02589 344.14
-71.49693 -37.70018 333.54
-73.31853 -38.00822 354.71
-73.08298 -36.96209 334.95
-73.08665 -36.98729 350.07
-73.07712 -36.95785 341.96
-73.02504 -37.02364 340.91
-73.07097 -36.97468 350.12
-73.09132 -36.98833 338.05
-73.08029 -36.96312 356.07
-73.0459 -37.02826 340.08
-73.0873 -37.00107 341.87
-72.28918 -37.96364 336.29
-71.49247 -37.70012 330.41
-71.50018 -37.70111 338.09
-73.07645 -36.99376 329.65
-73.07837 -36.96108 347.2
-73.07661 -36.99343 336.38
-73.00117 -36.98657 350.87
-73.06361 -36.9614 353.67
-72.04443 -38.26715 342.06
-72.04669 -38.26134 333.21
-73.06501 -36.96613 355.58
-73.06635 -37.03732 333.99
-73.08317 -36.99182 350.83
-73.00002 -36.98613 350.2
-73.12672 -36.74604 337.36
-73.083 -36.99218 348.57
-72.4706 -38.21095 346.26
-73.09337 -36.99788 351.15
-72.4721 -38.20671 350.26
-73.0692 -36.96005 333.32
-73.06474 -37.0415 351.99
-71.49792 -37.69771 345.98
-72.29083 -37.96704 355.7
-72.03242 -38.10197 345.56
-73.06658 -36.97081 331.24
