-72.58081 -38.10523 367
-72.48994 -38.09966 367
-72.48579 -38.10083 367
-72.75315 -37.64487 367
-72.48904 -38.12939 367
-72.56402 -38.04778 367
-72.09851 -38.01436 367
-72.21448 -37.89169 367
-73.07657 -38.35756 367
-72.48319 -38.1074 367
-72.50311 -38.14027 367
-72.48212 -38.10186 367
-72.56359 -38.05391 367
-72.47501 -38.09668 367
-72.48641 -38.09446 367
-73.06832 -37.22368 367
-72.45291 -37.71662 367
-72.75681 -37.58732 367
-72.71226 -37.69324 367
-73.58817 -37.20699 367
-72.50132 -38.13978 367
-72.3968 -37.71492 367
-72.4845 -38.10176 367
-72.75124 -37.64413 367
-72.23576 -37.57575 367
-72.54834 -36.70695 367
-72.55244 -36.68918 367
-72.38897 -37.72194 367
-72.71082 -37.69998 367
-72.88893 -36.53086 367
-72.11127 -37.98499 367
-72.5358 -36.71316 367
-72.75111 -37.64584 367
-72.40237 -36.92496 367
-72.53642 -36.70659 367
-72.3985 -37.71929 367
-72.4787 -38.09664 367
-72.3989 -37.73155 367
-72.48154 -38.10822 367
-72.40038 -36.92091 367
-72.38555 -37.72333 367
-72.549 -36.69659 367
-72.53199 -36.71338 367
-73.5882 -37.20197 367
-72.53677 -36.71227 367
-72.39826 -37.72601 367
-72.53318 -36.71249 367
-72.55082 -36.69293 367
-72.39629 -37.71369 367
-72.66364 -37.54508 367
-72.65425 -37.57382 367
-72.53225 -36.72061 367
-72.65501 -37.55924 367
-72.5456 -36.68472 367
-72.54192 -36.6826 367
-72.54528 -36.70407 367
-72.54058 -36.67908 367
-72.39754 -37.72046 367
-72.65376 -37.56834 367
-72.71121 -37.69741 367
-72.54379 -36.68849 367
-72.5413 -36.68453 367
-72.38773 -37.72893 367
-72.54897 -36.68704 367
-72.3941 -37.70809 367
-72.47865 -38.10207 367
-72.53191 -36.70789 367
-72.53288 -36.70702 367
-72.54053 -36.72192 367
-72.49572 -36.86402 367
-72.48968 -36.86663 367
-72.70691 -37.70897 367
-72.7551 -37.64096 367
-72.46798 -38.09309 367
-72.50976 -36.87028 367
-72.78228 -37.53259 367
-72.54172 -36.70733 367
-72.54253 -36.70642 367
-72.36489 -38.16234 367
-72.52827 -36.887 367
-72.48508 -36.54468 367
-72.11485 -37.989 367
-72.48607 -36.54631 367
-72.71272 -37.70638 367
-72.49336 -36.93617 367
-72.8708 -37.4463 367
-73.07533 -38.07819 367
-72.25498 -37.60408 367
-72.59105 -37.1179 367
-72.1179 -38.00645 367
-73.09535 -37.23476 367
-73.01093 -38.35389 367
-73.05281 -38.42403 367
-72.80656 -37.48232 367
-73.09648 -37.23135 367
-72.23424 -37.57975 367
-72.78605 -37.51869 367
-72.09899 -37.98981 367
-72.57997 -38.10977 367
-72.18343 -37.93491 367
-72.52158 -36.86501 367
-72.62794 -37.63638 367
-72.50362 -36.85433 367
-72.352 -38.15962 367
-72.48212 -36.54184 367
-72.51562 -36.86764 367
-73.10622 -38.34907 367
-72.39751 -37.72633 367
-72.78027 -37.5213 367
-72.51665 -36.86412 367
-72.47222 -38.11214 367
-72.4111 -36.91362 367
-72.74741 -37.65051 367
-72.58694 -37.18716 367
-72.40503 -36.91622 367
-72.78889 -37.52649 367
-72.2272 -37.5859 367
-72.82018 -36.66693 367
-72.62595 -37.64334 367
-73.00295 -38.38657 367
-72.48438 -36.96789 367
-72.4937 -36.85252 367
-72.59959 -37.19681 367
-72.78508 -37.52216 367
-73.06083 -38.11151 367
-72.71332 -37.68827 367
-72.23322 -37.58328 367
-72.39948 -37.71931 367
-72.75705 -37.63403 367
-72.47591 -38.08355 367
-72.88554 -36.53629 367
-72.50166 -36.88949 367
-72.4698 -38.0861 367
-72.4884 -36.9538 367
-72.4987 -36.85343 367
-72.80773 -37.4168 367
-73.00618 -38.35306 367
-72.48015 -36.54893 367
-72.35489 -38.1675 367
-72.5117 -36.86321 367
-72.22527 -37.5744 367
-72.59659 -37.20731 367
-72.80383 -37.41245 367
-72.51463 -36.87116 367
-72.58816 -37.12843 367
-72.5076 -36.88688 367
-72.57131 -37.18801 367
-72.47993 -38.08795 367
-72.39037 -37.74263 367
-72.79292 -36.67303 367
-72.46278 -36.87856 367
-72.60078 -37.13811 367
-72.5027 -36.88597 367
-72.43126 -37.66249 367
-72.50674 -36.86231 367
-72.5956 -37.21081 367
-72.54697 -36.71569 367
-72.51274 -36.87823 367
-72.48512 -36.54986 367
-72.09393 -38.01683 367
-72.58912 -37.12492 367
-72.47617 -36.54446 367
-72.4572 -38.09478 367
-73.06966 -38.08078 367
-72.51369 -36.87469 367
-72.59379 -37.16262 367
-72.22821 -37.58237 367
-72.45808 -38.09128 367
-72.5988 -37.14512 367
-72.5959 -37.13722 367
-72.08894 -38.0159 367
-72.5415 -36.71839 367
-72.5146 -36.88076 367
-72.59781 -37.14862 367
-72.59979 -37.14162 367
-72.46092 -38.08081 367
-72.52546 -36.87907 367
-72.98537 -38.3942 367
-72.39547 -37.7149 367
-72.59689 -37.13372 367
-72.39449 -37.71841 367
-72.70946 -37.68393 367
-72.52621 -36.89403 367
-72.52232 -36.8896 367
-72.50072 -36.99147 367
-72.5156 -36.87724 367
-72.50655 -36.8904 367
-72.43419 -37.67039 367
-72.09781 -37.9933 367
-72.47699 -38.11301 367
-72.59788 -37.13021 367
-72.5948 -37.15912 367
-72.45895 -38.08778 367
-72.59391 -37.14422 367
-72.51952 -36.87205 367
-72.51762 -36.87911 367
-72.45992 -38.08429 367
-72.62695 -37.63986 367
-72.46488 -38.0852 367
-72.59681 -37.15212 367
-72.3559 -38.16401 367
-72.50765 -36.85877 367
-72.51843 -36.88518 367
-72.78225 -37.51436 367
-72.5929 -37.14772 367
-72.58716 -37.13193 367
-72.78127 -37.51783 367
-72.08527 -37.98358 367
-72.3541 -38.16405 367
-72.59581 -37.15562 367
-72.75807 -37.63057 367
-72.56486 -36.66703 330.46
-72.798 -37.49535 334.63
-72.80386 -37.39423 334.29
-73.27315 -38.06414 334.57
-73.0132 -38.45645 332.52
-73.1668 -38.13725 334.95
-72.80975 -37.36589 330.92
-73.07773 -38.3584 297.3
-72.71962 -37.46653 335.07
-72.1862 -37.9243 336.09
-72.78367 -37.39423 333.37
-72.09451 -38.16755 333.87
-72.80713 -37.36565 336.6
-73.07926 -38.30139 333.49
-72.21245 -37.89713 334.62
-72.5565 -38.04345 335.6
-72.44111 -37.66429 337.4
-72.66273 -38.48253 334.4
-72.9992 -38.35901 335.98
-73.00063 -38.39331 337.23
-72.72246 -37.47436 337.67
-72.09053 -38.16312 335.94
-72.97588 -38.36929 334.43
-72.74623 -37.61751 337.51
-72.81201 -37.22408 336.77
-72.33024 -38.00616 335.35
-72.44023 -37.78488 336.82
-72.80109 -37.22577 335.96
-72.15324 -38.16357 337.51
-72.80176 -36.6783 339.7
-72.68725 -38.4471 339.26
-73.08398 -38.30222 335.39
-72.37427 -37.87871 336.33
-72.63395 -36.57751 340.11
-72.99476 -38.39586 339.22
-72.39692 -36.9259 338.07
-72.47675 -38.09834 338.19
-72.64588 -36.57231 340.13
-72.73956 -37.66003 336.74
-72.84302 -37.18586 336.24
-72.79982 -36.6853 338.02
-72.85465 -37.18066 337.14
-73.05991 -38.07904 341.22
-72.44305 -37.67569 337.26
-72.86175 -37.44104 340.53
-72.77882 -37.39335 338.73
-72.89014 -36.53712 309.14
-72.29076 -37.9621 339.72
-72.73078 -37.48319 341.41
-73.05216 -37.26689 341.47
-72.17433 -37.72863 340.94
-72.17446 -38.44577 337.85
-72.48517 -38.08891 311.83
-72.35117 -38.15619 339.79
-72.44406 -37.67219 338.06
-72.20549 -37.23061 340.05
-72.64099 -36.5714 341.79
-73.05133 -37.27036 339.22
-73.05963 -38.31943 338.44
-73.07211 -38.36099 339.78
-71.98225 -37.49588 339.85
-72.49963 -38.14268 342.22
-73.06795 -38.30656 340.27
-72.68929 -38.43192 342.23
-73.07358 -38.30397 340.89
-72.63538 -36.56828 339.16
-72.67683 -37.74001 342.98
-72.16652 -38.43697 343.92
-72.65539 -37.5938 341.38
-72.43747 -37.77703 340.17
-72.51835 -36.9037 342.57
-72.79211 -37.49792 343.44
-72.71854 -37.46999 342.75
-72.63213 -36.56606 340.47
-72.22807 -37.58792 340.81
-72.6883 -38.43536 341.49
-73.06983 -38.38565 344.13
-72.52082 -38.1392 340.7
-72.11629 -38.00409 343.61
-72.46114 -37.74827 344.97
-72.45673 -37.73701 340.87
-72.78766 -37.38036 342.64
-72.8877 -36.52934 342.82
-72.77911 -37.56479 314.54
-72.76299 -37.63146 304.27
-72.50946 -36.89835 341.36
-72.38739 -37.7347 345.6
-72.79957 -38.01718 341.72
-72.4401 -37.66779 315.46
-72.66868 -37.53775 341.37
-72.5094 -38.14444 304.3
-72.45249 -37.74301 344.55
-73.11995 -38.41078 344.12
-73.00886 -38.36069 347.36
-72.72993 -37.48668 343.56
-72.23307 -37.58886 343.09
-72.2126 -37.20579 343.23
-72.75017 -37.62187 343.67
-72.51597 -38.13832 347.23
-72.79665 -38.00942 343.27
-72.99948 -38.39669 343.32
-72.23623 -37.59126 346.77
-72.44971 -37.72472 347.22
-72.35608 -38.15708 345.76
-72.80324 -38.10204 347.5
-73.0967 -37.09213 316.04
-72.20251 -37.20392 349.71
-72.20956 -37.21643 347.06
-72.7957 -38.01287 349.61
-72.40837 -37.70619 346.58
-72.71488 -37.48395 347.68
-72.8008 -36.6818 347.87
-72.80512 -38.09514 349.81
-72.77995 -37.5613 318.72
-72.23019 -37.59386 349.72
-72.67258 -37.5421 351.1
-72.58511 -37.13893 352.64
-72.23105 -37.59591 353.96
-72.51932 -36.90017 350.08
-72.7969 -37.49879 367
-72.51748 -37.00568 367
-73.05312 -38.12091 367
-72.66675 -37.54471 367
-72.48416 -36.55341 367
-72.2263 -37.57088 367
-72.57905 -37.19678 367
-72.6308 -37.64421 367
-72.43027 -37.66599 367
-72.57716 -37.18538 367
-72.80809 -38.1029 367
-72.58006 -37.19328 367
-72.76247 -37.58038 367
-72.63181 -37.64074 351.45
-73.04786 -38.42315 367
-72.5841 -37.14243 367
-72.71236 -37.69174 367
-72.35101 -38.16311 367
-72.58189 -37.20465 367
-72.31217 -38.1124 367
-72.58091 -37.20816 367
-72.3618 -38.16142 367
-72.59088 -37.15472 350.55
-72.35899 -38.16494 367
-72.76516 -37.5805 367
-72.55851 -37.15988 354.82
-72.47889 -38.09142 367
-72.60347 -37.20119 367
-72.57918 -37.14153 367
-72.3985 -37.72282 367
-72.77525 -37.56046 367
-72.65054 -37.57462 351.45
-72.51072 -36.86674 367
-72.59203 -37.13282 367
-72.49167 -36.85957 367
-72.62981 -37.64769 367
-73.00137 -38.35222 350.12
-72.58614 -37.13543 352.23
-72.58494 -37.19416 354.48
-72.23222 -37.58681 367
-72.49269 -36.85604 367
-72.5125 -36.88779 353.67
-72.50565 -36.99239 367
-72.58425 -37.12402 367
-72.49973 -36.995 354.16
-73.07058 -38.07735 367
-72.48662 -36.85865 367
-72.35017 -38.15968 367
-72.48738 -36.95732 351.83
-72.51638 -36.89221 350.93
-72.56647 -37.18713 367
-72.52519 -36.89755 367
-72.49578 -36.99055 367
-73.00072 -38.38795 367
-72.52053 -36.86853 367
-72.5829 -37.20115 367
-72.41006 -36.91715 367
-72.60178 -37.13461 367
-72.57129 -38.10454 367
-72.38541 -37.74171 367
-72.47715 -36.54091 367
-72.63766 -37.63813 367
-72.22924 -37.57884 367
-72.70404 -37.48563 367
-73.10529 -38.35248 367
-72.51166 -36.8728 367
-72.51044 -36.89482 367
-73.05789 -38.12175 367
-72.71667 -37.47696 353.72
-72.50553 -36.89392 367
-72.71036 -37.68044 367
-72.58308 -37.14593 367
-72.50869 -36.88338 367
-72.51073 -36.87634 367
-72.52027 -36.89664 367
-72.54695 -37.18358 367
-72.60247 -37.20469 367
-72.50974 -36.87987 351.54
-72.46881 -38.08957 367
-72.5919 -37.15122 367
-72.78699 -37.53343 367
-72.51354 -36.88427 367
-72.78411 -37.52563 367
-72.52129 -36.89312 367
-72.57513 -38.10889 367
-72.79198 -36.67653 367
-72.55186 -37.18447 367
-72.51739 -36.88869 367
-72.51762 -36.86059 367
-72.78791 -37.52996 367
-72.38641 -37.7382 367
-72.51653 -36.8737 367
-72.43618 -37.66339 367
-72.52441 -36.88258 367
-72.77548 -37.52044 367
-72.43518 -37.66689 367
-72.52048 -36.87814 367
-73.05986 -38.11493 367
-72.51947 -36.88166 367
-72.54231 -36.71483 367
-72.51858 -36.87558 367
-72.78669 -37.38383 367
-72.52254 -36.88 367
-72.48112 -36.54538 367
-72.50857 -36.85523 367
-72.48014 -36.54378 367
-72.47479 -38.08701 367
-72.52143 -36.87461 367
-72.54626 -36.71926 367
-72.46596 -38.08174 367
-72.47379 -38.09048 367
-72.51263 -36.85968 367
-72.52335 -36.88609 367
-72.52352 -36.87648 367
-72.77453 -37.52391 367
-73.59024 -37.38023 324.92
-73.00763 -38.34656 300.25
-72.80671 -38.10095 295.54
-72.19737 -37.986 304.07
-72.20205 -37.98574 302.61
-72.30119 -38.10343 299.95
-73.58923 -37.38102 343.87
-72.35315 -38.16861 302.91
-72.30219 -38.10704 295.91
-72.49069 -38.09326 315.06
-72.29973 -38.10159 299.3
-72.4073 -38.45393 314.34
-72.19977 -37.98342 297.34
-72.09968 -38.161 295.78
-72.49064 -38.09587 307.79
-72.10291 -38.16156 295.09
-72.7607 -38.22511 295.68
-73.09141 -38.30565 301.38
-73.01334 -38.35756 295.85
-72.35979 -38.14837 305.54
-73.00548 -38.34864 311.68
-72.49079 -38.09698 314.73
-73.09344 -38.30425 308.99
-72.31309 -38.10621 315.47
-72.0954 -38.1669 303.97
-72.987 -37.92399 304.81
-73.0748 -38.30661 317.87
-72.48582 -38.09055 300.84
-73.08715 -38.30049 297.36
-73.27237 -38.05394 296.42
-72.7412 -37.65656 299.84
-72.10069 -38.0166 302.54
-72.48961 -38.1015 323.81
-72.20326 -37.98551 315.55
-73.05338 -38.42825 302.69
-72.20045 -37.98904 315.31
-72.29648 -38.10476 304.38
-72.76125 -38.23057 303.82
-73.04472 -38.36472 326.54
-73.06759 -38.29891 295.47
-73.09009 -38.29885 319.16
-73.06365 -38.08092 301.02
-72.35242 -38.14428 334.61
-72.56773 -38.05368 316.33
-73.10987 -38.3532 329.7
-73.13319 -38.34209 297.55
-73.08073 -38.36274 304.2
-72.46961 -38.09919 309.93
-73.12987 -36.78461 298.75
-72.48416 -38.08892 337.11
-73.07762 -38.29605 297.93
-73.12825 -38.03682 296.37
-73.06407 -38.29356 304.2
-73.00539 -38.34813 337.3
-73.15708 -38.12389 301.95
-73.27624 -38.05928 295.98
-73.0004 -38.38889 296.02
-73.26655 -38.05559 308.76
-72.15276 -38.1633 311.43
-72.09365 -38.16409 311.19
-72.99093 -38.38941 298.37
-72.09828 -38.16282 297.81
-72.58022 -38.11208 298.98
-72.20102 -37.98002 304.65
-73.06644 -38.08052 319.86
-72.49733 -38.14191 305.63
-73.07114 -38.31552 308.48
-72.8245 -38.06091 298.76
-73.08395 -38.33231 304.78
-72.47402 -38.09116 297.83
-73.07471 -38.07179 296.12
-73.06254 -38.31274 313.27
-73.12813 -36.78332 312.09
-72.09032 -38.00448 296.27
-72.99626 -38.34351 296.9
-72.09808 -38.16036 306.45
-73.00114 -38.38634 296.17
-72.55823 -38.04311 302.74
-72.71441 -37.70271 308.49
-72.22073 -37.90007 318.29
-73.09893 -37.08598 298.74
-72.19854 -37.98681 317.41
-72.09596 -38.15741 306.43
-73.12538 -38.03175 296.76
-72.98472 -38.35949 298.42
-72.15746 -38.16199 303.19
-72.51329 -38.13737 301.17
-72.35793 -38.16729 349.69
-72.19567 -37.93259 313.06
-73.00821 -38.35365 314.78
-73.12754 -38.34371 304.05
-72.81219 -38.10612 329.07
-72.48481 -38.11348 296.77
-73.00861 -38.35892 301.78
-72.8885 -36.53627 345.33
-72.57881 -38.112 303.2
-72.56855 -38.1251 298.32
-72.5551 -38.05439 297.31
-72.56783 -38.11958 299.63
-72.21529 -37.88821 297.36
-73.04775 -38.42354 299
-73.06482 -38.07461 301.41
-73.04831 -38.12386 300.65
-72.50658 -38.13832 325.25
-73.00074 -38.34892 304.81
-72.47333 -38.10433 304.92
-72.49552 -38.14139 327.65
-72.4948 -38.1045 300.18
-72.98061 -38.36066 306.53
-72.09194 -37.98581 298.28
-72.36275 -38.16595 352.14
-72.17686 -37.911 300.29
-73.26759 -38.05199 310.79
-72.48845 -38.10713 300.93
-72.38058 -37.89351 297.56
-72.12778 -37.98198 297.77
-72.48741 -38.11833 297.76
-73.09486 -37.23349 301.26
-72.54977 -38.04914 298.05
-72.55888 -38.04862 304.3
-73.0499 -38.12154 314.38
-73.1321 -38.34645 316.58
-72.71064 -37.68646 301.21
-73.12349 -38.33852 305.78
-72.08538 -37.98636 300.14
-72.56151 -38.04226 299.51
-73.12843 -38.34668 330.37
-73.12645 -38.03784 307.3
-73.1236 -38.03711 311.58
-73.06259 -38.31301 300.67
-73.06878 -38.31758 344.78
-72.21612 -37.9003 302.32
-73.07778 -38.35804 328.75
-72.48543 -38.10712 305.15
-73.07172 -38.31221 298.53
-72.21429 -37.90299 317.99
-72.41572 -37.71947 303.1
-73.10612 -38.34987 321.49
-72.54945 -38.03946 302.19
-72.19408 -37.92691 310.98
-72.49255 -38.10691 317.95
-72.99539 -38.35727 299.31
-72.99755 -38.38105 301.74
-73.09001 -37.2349 311.6
-73.08835 -38.30569 301.43
-73.00372 -38.35492 307.4
-72.98817 -38.353 299.78
-72.75735 -38.23055 304.12
-72.8924 -36.53065 310.89
-73.07472 -38.35257 329.26
-72.89388 -36.53091 336.28
-72.71633 -37.69841 300.37
-72.23893 -37.60187 298.22
-72.56311 -38.04839 323.37
-73.07619 -38.31194 331.72
-72.17467 -37.9177 307.57
-73.06625 -38.31693 332.37
-72.99666 -38.3506 300.82
-73.0056 -38.35346 327.53
-72.17397 -37.9203 309
-72.99425 -38.35041 307.14
-73.07022 -38.35387 299.86
-72.56675 -38.05323 341.57
-72.08292 -37.99473 301.89
-72.51165 -38.13691 304.66
-73.10184 -38.35111 302.8
-72.54882 -38.03897 302.08
-73.06735 -38.31165 306.88
-72.21455 -37.89052 304.64
-72.55638 -38.04371 300.61
-72.82972 -38.05941 326.47
-72.99717 -38.35589 299.75
-72.22018 -37.88317 307.46
-73.08524 -38.30023 318.24
-72.47474 -38.09233 338.16
-72.41117 -37.71972 316.97
-72.20813 -37.8963 298.72
-73.59753 -37.19923 305.98
-72.17171 -37.72066 301.93
-72.99239 -38.35181 310.04
-72.21027 -37.89757 301.65
-72.10012 -37.98963 298.49
-73.08874 -37.16186 299.54
-72.21867 -37.89341 310.74
-72.18413 -37.91745 324.09
-73.07461 -38.30816 303.38
-72.21786 -37.89573 310.65
-72.6944 -37.72987 328.44
-72.69532 -37.70436 310.03
-72.42374 -37.70788 314.87
-73.00078 -38.35436 311.67
-72.14709 -37.80177 320.16
-72.54904 -38.05201 307.91
-72.98998 -38.35165 309.86
-73.06961 -38.30961 299.65
-72.48051 -38.08994 336.91
-72.69039 -37.70576 299.1
-72.37547 -37.88821 321.41
-72.64038 -37.64634 314.72
-72.55163 -38.04506 303.63
-73.05927 -38.11882 349.19
-73.07043 -38.30444 311.25
-73.59183 -37.20761 308.45
-72.86755 -36.45918 298.44
-72.75387 -37.61747 302.01
-72.76131 -38.2607 315.85
-72.18126 -37.92466 328.23
-72.7562 -37.63374 323.28
-72.75819 -37.58986 301.74
-72.99854 -38.34918 310.02
-72.67905 -37.73773 302.37
-72.55386 -38.05065 303.24
-73.06474 -38.31103 314.02
-72.82915 -38.06067 335.47
-72.2227 -37.88559 319.55
-72.18628 -37.93006 328.84
-72.19501 -37.92396 308.13
-72.48974 -38.12447 352.83
-72.13658 -37.94961 303.82
-72.2132 -37.89491 333.91
-72.80302 -37.38804 309.61
-72.70041 -37.70292 309.34
-72.17762 -37.9254 326.08
-72.23739 -37.58508 311.2
-72.82592 -36.66273 306.7
-72.49911 -38.13421 337.04
-73.09033 -38.30359 344.81
-72.22012 -37.89446 305.55
-73.07225 -38.31026 299.63
-72.38689 -37.70988 299.98
-73.00282 -38.34794 335.95
-73.00127 -38.35471 301.52
-72.76358 -37.63618 323.18
-72.49395 -38.13565 328.51
-72.70952 -37.68104 320.54
-72.40214 -37.73728 305.15
-73.09278 -37.08773 328.53
-72.56355 -37.18658 307.79
-72.45214 -37.77297 298.33
-72.40073 -37.72487 315.54
-73.12482 -38.34149 324.3
-72.46635 -37.74404 302.49
-72.76125 -37.63891 320.56
-72.45799 -37.73384 303.38
-72.40103 -37.71238 300.4
-72.68016 -37.73389 302.18
-72.24784 -37.57454 300.67
-72.37542 -37.87603 305.37
-72.41545 -37.72079 325.24
-72.21864 -37.8971 320.59
-72.40325 -37.71796 299.48
-73.07152 -37.18806 298.4
-72.20766 -37.8986 299.98
-72.21177 -37.88924 339.12
-73.07273 -37.22878 302.67
-72.99744 -37.10142 299.75
-72.1012 -37.98817 322.77
-72.44973 -37.76694 303.19
-73.089 -37.22779 306.83
-72.38 -37.88795 336.72
-72.75419 -37.63693 300.91
-72.11753 -37.97874 310.62
-73.09394 -37.08845 314.14
-72.4849 -38.12582 332.8
-72.75633 -37.63188 306.39
-72.45567 -37.74706 299.16
-72.37997 -37.88713 314.15
-72.1534 -37.79929 305.08
-72.12366 -37.98312 302.18
-72.67919 -37.74047 310.3
-72.37864 -37.87685 299.85
-72.45425 -37.71627 329.81
-72.39993 -37.71924 335.74
-72.54784 -36.72895 305.97
-72.5588 -38.04925 324.17
-72.41547 -37.70835 302.45
-72.70242 -37.7034 316.56
-72.47722 -38.10942 340.05
-72.09604 -38.01683 345.56
-72.86158 -36.46088 327.69
-72.88736 -36.53278 322.05
-72.09373 -37.99747 311.94
-72.56143 -38.05473 340.96
-72.74557 -37.64756 308.09
-72.39967 -37.7442 308.32
-73.08359 -37.21547 305.47
-72.44934 -37.76753 305.57
-73.08642 -37.08954 315.84
-72.4145 -37.7151 329.46
-72.37761 -37.8816 324.02
-72.67067 -37.52817 300.94
-72.45168 -37.77317 309.06
-72.74039 -37.64565 299.47
-72.37776 -37.8713 312.88
-73.08355 -37.21206 307.78
-72.4131 -37.70279 326.58
-72.82505 -37.20506 301.65
-72.24307 -37.57587 298.97
-72.21163 -37.90053 328.33
-72.53517 -36.70053 299.79
-73.0551 -38.11558 338.97
-72.1972 -37.91992 307.42
-73.10459 -37.23068 332.63
-73.09006 -37.10667 307.67
-72.80231 -37.39449 300.11
-72.77439 -37.51102 303.67
-73.00603 -37.09773 301.31
-72.7763 -37.56694 302.17
-72.22372 -37.55656 299.91
-72.6752 -37.52811 310.35
-72.23866 -37.60186 306.99
-73.08653 -37.21633 299.94
-72.74586 -37.64566 306.31
-72.17448 -37.72603 327.36
-72.64816 -37.5625 299.5
-73.10169 -37.13807 316.47
-72.78467 -37.51157 302.46
-72.4688 -37.73711 304.56
-72.58373 -37.14072 315.9
-72.2132 -37.19735 305.37
-72.38036 -37.87464 301.43
-72.40963 -37.71648 325.79
-72.38136 -37.74265 311.21
-72.74319 -37.6419 300
-72.80489 -37.39084 323.2
-72.78654 -37.50881 299.77
-72.74069 -37.64893 306.6
-72.45103 -37.71753 325.31
-72.88078 -36.52155 301.16
-73.01153 -37.092 310.66
-72.7718 -37.57036 310.19
-72.4007 -37.7373 318.34
-73.06651 -37.08868 300.94
-73.09571 -37.25417 308.46
-72.78243 -37.51054 310.6
-72.89013 -36.52542 319.3
-73.06077 -37.21341 312.37
-72.18742 -37.92266 310.45
-72.8624 -36.4612 327.24
-73.06136 -37.2692 307.15
-72.69835 -37.70363 314.93
-72.7153 -37.66974 306.5
-72.44696 -37.77442 306.44
-72.69354 -37.7094 332.39
-72.65495 -37.58456 306.39
-72.46574 -37.72784 304.64
-72.39256 -37.72756 309.29
-72.37812 -37.86908 345.62
-72.41055 -37.71417 311.45
-72.57651 -36.66046 304.3
-72.80481 -37.38739 325.94
-72.82027 -37.41204 332.37
-72.18961 -37.92816 343.71
-72.63068 -37.64191 303.22
-72.4465 -37.7621 310.09
-73.06586 -37.22052 308.39
-72.88081 -36.53465 307.42
-72.23624 -37.59635 301.74
-72.54787 -36.72346 354.38
-72.52249 -36.71391 303.48
-72.58066 -37.14706 302.71
-73.09505 -37.13392 301.13
-72.71719 -37.47973 304.57
-72.38824 -37.72097 331.17
-73.07625 -37.17197 314.96
-72.20331 -37.20009 307.37
-72.77517 -37.56155 308.37
-72.21335 -37.21615 303.47
-72.12446 -37.05552 304.69
-73.06898 -37.22143 305.96
-72.76324 -37.53463 304.67
-72.23618 -37.584 321.67
-72.71485 -37.66721 303.88
-73.06897 -37.10102 307.01
-72.23401 -37.60315 305.92
-72.70296 -37.68324 310.65
-72.44714 -37.76786 316.38
-73.08019 -37.20993 324.19
-72.11183 -37.99063 313.66
-72.4028 -36.92657 300.14
-73.07076 -37.21913 313.55
-72.12077 -37.05499 299.9
-72.75018 -37.61267 312.9
-73.09416 -37.26498 317.12
-73.03458 -37.28986 313.48
-73.0664 -37.22869 305.76
-72.21092 -37.22308 302.39
-72.20439 -37.22371 307.3
-72.63779 -37.63361 301.92
-73.10204 -37.11665 325.31
-72.82122 -37.21259 300.19
-72.21288 -37.20989 315.19
-72.87976 -36.51529 310.85
-73.05282 -37.21925 309.44
-72.88317 -36.52742 306.46
-73.00128 -37.10342 321.85
-72.17174 -37.19019 301.81
-72.676 -37.73507 312.95
-72.57713 -36.65345 312.52
-72.80202 -37.38526 315.21
-73.06573 -37.18975 304.64
-72.86649 -36.53227 340.21
-72.48638 -36.95897 305.72
-72.77758 -37.55595 311.84
-73.09951 -37.11301 303.78
-72.75224 -37.58862 312.69
-72.39111 -37.72755 331.71
-72.87679 -36.52925 311.41
-73.08092 -37.09763 300.47
-73.06879 -37.23438 309.19
-73.00282 -37.09381 308.1
-72.658 -37.53939 309.44
-72.20363 -37.20643 304.72
-72.65916 -37.54535 324.48
-72.81982 -37.20656 313.31
-72.71383 -37.48703 301.37
-72.50857 -36.87143 309.44
-72.58035 -37.14158 326.82
-72.12321 -37.06053 307.27
-72.57438 -36.66066 314.41
-72.78984 -37.49509 305.68
-73.10053 -37.22532 302.34
-72.87852 -36.51564 300.74
-73.05934 -37.26328 322.57
-72.23904 -37.56385 308.27
-72.6622 -37.56238 336.57
-72.23853 -37.57715 303.83
-72.58785 -37.19858 312.4
-72.81502 -37.41355 305.85
-73.0602 -37.22213 302.11
-72.65259 -37.57891 301.31
-72.37712 -37.8865 355
-72.6724 -37.54455 301.72
-72.53585 -36.71865 329
-72.47655 -38.09106 355.06
-72.22611 -37.56208 308.42
-72.77927 -37.52581 307.68
-72.41071 -37.70968 312.87
-72.8743 -36.52341 342.8
-73.58341 -37.20339 308.84
-73.05424 -37.21918 308.88
-72.70641 -37.70317 336.13
-72.70557 -37.70145 331.07
-72.68049 -37.53448 307.2
-72.21091 -37.21061 317.79
-72.50114 -36.86715 309.38
-72.21043 -37.2168 300.91
-72.1773 -37.7884 318.94
-72.55178 -36.76952 337.17
-72.67995 -37.53943 309.19
-72.16925 -37.18467 304.34
-72.38454 -37.72676 332.5
-73.08115 -37.22441 310.37
-72.71111 -37.6746 334.42
-72.49162 -36.86984 307.26
-72.39724 -37.73867 316.81
-72.54492 -36.72824 323.61
-72.97739 -36.94304 338.86
-73.01304 -37.08438 316.25
-72.39365 -37.72626 329.96
-73.00233 -37.10205 341.26
-73.11607 -37.22616 319.14
-72.20309 -37.22504 310.46
-73.08039 -37.21438 317.62
-72.41214 -37.70954 329.25
-72.65808 -37.54709 303.11
-72.54409 -36.7841 324.17
-72.24052 -37.57548 310.05
-72.70926 -37.48833 319.41
-72.79122 -37.49364 316.97
-72.54658 -36.77427 309
-73.0842 -37.16317 314.85
-72.79692 -37.39601 331.39
-72.59058 -37.20417 336.89
-73.05764 -37.20984 314.08
-72.52455 -36.70998 329.71
-73.09499 -37.09196 337.68
-72.12563 -37.05362 341.53
-72.79955 -37.39238 319.98
-72.47402 -36.56706 320.03
-73.05464 -37.21607 310.24
-73.07355 -37.2201 316.13
-72.208 -37.22369 318.08
-72.21046 -37.20433 305.14
-72.40927 -37.70309 345.27
-72.52754 -36.78601 313.83
-72.79865 -37.49488 332.42
-72.48685 -36.96447 324.57
-72.58507 -37.14211 316.2
-72.54925 -36.76711 321.98
-72.23615 -37.57164 325.03
-73.08731 -37.09037 338.53
-72.40294 -36.91386 331.21
-72.79422 -37.39391 322.73
-72.6598 -37.5508 320.28
-73.06374 -37.22295 314.51
-72.22667 -37.56107 316.84
-72.23843 -37.5648 310.64
-72.54939 -36.67409 307.89
-72.88544 -36.53109 321
-72.79441 -37.49377 310.79
-72.10699 -37.98165 348.58
-72.49638 -36.8685 312.58
-72.52596 -36.71921 335.11
-72.6507 -37.55547 318.33
-73.07619 -37.21107 309.66
-73.04878 -37.22077 316.17
-72.38822 -37.71635 317.52
-72.66808 -37.54429 304.98
-72.5327 -36.78456 336.32
-72.67317 -37.53021 332.63
-72.11417 -37.98755 354.06
-72.57246 -36.65125 302.98
-72.78959 -37.49106 311.09
-72.54645 -36.77106 320.03
-72.66301 -37.54571 319.2
-72.78536 -37.49225 304.08
-72.54274 -36.69838 310.33
-72.67763 -37.53376 311.68
-72.78376 -37.50323 314.56
-72.47146 -36.56479 315.47
-72.75092 -37.64606 353.69
-72.78871 -37.38269 314.9
-72.4008 -36.91967 324.33
-72.55424 -36.65988 322.62
-72.48633 -36.95824 332.82
-72.56503 -36.65685 302.16
-72.50317 -36.87296 318.26
-73.05585 -37.2122 324.14
-72.55938 -37.18682 303.95
-73.09148 -37.22142 331.46
-72.40593 -36.92491 329.46
-72.48891 -36.96387 312.5
-72.40766 -36.92521 327.4
-72.52728 -36.78298 336.12
-72.53825 -36.70119 302.29
-72.75027 -37.62315 305.09
-72.79129 -37.38481 319.55
-72.75249 -37.61836 316.13
-73.10056 -37.13279 355.78
-72.39043 -37.72194 337.26
-72.79978 -37.48769 302.36
-72.53644 -36.71943 334.26
-72.79561 -37.49338 312.8
-72.10311 -37.98542 329.56
-72.67508 -37.54082 315.31
-72.56319 -36.6638 335.97
-72.52815 -36.72179 323.37
-72.87326 -36.52108 325.29
-72.66255 -37.55075 330.8
-72.57118 -36.65512 304.31
-72.49568 -38.13618 355.74
-72.66467 -37.54575 329.66
-73.10133 -37.13211 335.57
-72.20602 -37.22446 327.55
-72.79951 -37.38889 313.19
-72.54841 -36.67747 320.41
-72.86831 -36.52513 350.57
-72.65274 -37.55356 332.52
-72.5606 -36.66142 328.76
-73.09861 -37.14596 344.17
-73.05053 -37.21837 319.85
-72.70476 -37.6813 320.39
-72.74754 -37.61979 345.18
-72.54708 -36.68116 318.04
-72.54064 -36.67359 319.27
-72.74982 -37.6147 329.68
-72.56018 -37.15923 332.73
-72.65778 -37.56263 326.61
-72.66113 -37.56172 346.52
-72.52419 -36.7165 330.83
-72.39821 -36.91519 322.95
-72.65027 -37.5606 341.7
-73.0957 -37.22673 348.7
-73.07884 -37.21204 339.76
-72.66801 -37.54481 311.16
-72.55657 -36.66166 325.54
-72.40519 -36.91956 325.24
-72.55865 -37.18135 308.73
-72.55667 -37.16927 306.79
-72.38522 -37.73231 348.8
-72.55949 -36.65841 345.16
-72.80629 -37.48185 346.75
-72.52826 -36.71534 336.48
-72.20827 -37.19871 343.13
-72.54151 -36.69231 309.16
-72.65643 -37.5517 312.68
-72.65997 -37.55782 327.99
-72.40721 -36.92358 332.71
-72.65737 -37.5649 342.44
-72.56464 -36.66117 328.42
-72.53821 -36.6804 304.85
-72.79929 -37.49316 315.14
-72.67029 -37.52952 331.27
-72.54487 -36.67883 341.21
-72.23129 -37.57299 344.65
-72.4084 -37.70411 355.43
-72.6702 -37.54223 312.38
-72.66827 -37.53159 316.44
-72.55608 -37.18214 317.1
-72.5687 -36.66225 347.12
-72.65558 -37.55411 333.53
-72.57609 -38.10655 348.13
-72.55882 -36.66162 355.84
-72.56418 -36.66007 346.84
-72.11044 -37.98678 353.56
-72.67274 -37.53516 324.02
-72.67554 -37.53588 325.62
-72.80303 -37.48749 343.78
-72.5515 -37.17074 309.91
-72.65781 -37.5598 344.84
-72.67287 -37.53982 321.1
-73.09682 -37.13301 346.53
-72.5402 -36.6734 337.36
-72.54417 -36.69534 322.37
-72.65504 -37.57189 342.21
-72.65327 -37.56287 345.56
-72.6652 -37.54366 331.95
-72.55376 -37.17645 318.24
-73.08994 -37.22239 340.77
-72.5442 -36.67554 348.37
-72.54163 -36.70098 319.9
-72.67183 -37.53909 320.55
-73.06431 -37.22392 351.9
-72.53313 -36.71395 352.1
-72.5434 -36.67891 340.79
-72.56863 -36.66093 351.59
-72.54256 -36.68995 324.88
-72.53706 -36.68479 330.48
-72.54678 -36.68969 341.03
-72.66837 -37.54006 318.43
-72.6608 -37.54001 351.99
-72.66398 -37.54029 322.22
-72.38924 -37.70944 350.49
-72.66734 -37.53936 316.7
-72.544 -36.72367 354.22
-72.66047 -37.55274 348.02
-72.54498 -36.69456 345.65
-72.7104 -37.70294 356.29
-72.66787 -37.53656 320.99
-72.48025 -38.09759 355.42
-72.52921 -36.71274 351.53
-72.50551 -36.84726 333.42
-72.39146 -37.70963 353.01
-72.54031 -36.68623 346.48
-72.66293 -37.53797 354.05
-72.67066 -37.53724 323.47
-72.4744 -38.09785 342.77
-72.53178 -36.7166 331.34
-72.51905 -36.72169 334.51
-72.8576 -36.46201 333.96
-72.51045 -36.84816 331.78
-72.53297 -36.71312 345.52
-72.53397 -36.70959 330.64
-72.6576 -37.55217 338.19
-72.5276 -36.78825 336.93
-72.52925 -36.70872 343.05
-72.54514 -36.72273 355.88
-72.89121 -36.53364 335.98
-72.39153 -37.71502 352.18
-72.52155 -36.79084 335.91
-72.65293 -37.56116 356.19
-72.53432 -36.72449 339.61
-72.55009 -36.72367 330.66
-73.05589 -37.08552 339.08
-73.05053 -37.21954 339.78
-72.52545 -36.71915 345.55
-72.54483 -36.70416 336.04
-72.89472 -36.59665 331.76
-72.66574 -37.53862 340.41
-72.54832 -36.68996 335.69
-72.53336 -36.68719 347.3
-72.54624 -36.77686 343.67
-72.39213 -37.71518 322.32
-72.07927 -37.98619 339.1
-72.53561 -36.72102 350.62
-72.38625 -37.7289 351.37
-72.54774 -36.71212 351.3
-73.08706 -37.22967 334.66
-72.98281 -36.95524 332.04
-73.0495 -37.22297 343.62
-72.54397 -36.70771 351.25
-72.55064 -36.77197 334.59
-72.54748 -36.69351 333.54
-72.51946 -36.85351 335.3
-72.54511 -36.68194 331.2
-73.08224 -37.21436 343.83
-73.05621 -37.21693 338.9
-73.09949 -37.25719 331.36
-72.56284 -36.66457 336.06
-72.47828 -38.10294 348.71
-73.07296 -37.22716 344.81
-72.53304 -36.72797 337.09
-72.46201 -38.07735 356.63
-72.08631 -37.98006 355.26
-72.6526 -37.56626 354.71
-72.51447 -36.8526 348.35
-72.45585 -38.07988 341.3
-72.9882 -37.10966 332.36
-72.54609 -36.6784 338.33
-72.87447 -36.52326 336.03
-72.57842 -36.66369 335.48
-72.0895 -38.16663 337.03
-72.85667 -36.46552 343.95
-73.1867 -38.05984 335.79
-72.48862 -36.85159 343.01
-72.57553 -36.65575 344.83
-72.52817 -36.71223 343.68
-73.08398 -37.16662 345.47
-72.98627 -36.9595 331.32
-72.5386 -36.71044 347.89
-72.12148 -37.94941 331.62
-72.57175 -36.65135 345.86
-73.00934 -37.09167 337.64
-72.80117 -37.47755 338.11
-72.53809 -36.72889 349.95
-72.96918 -36.94918 331.23
-72.82902 -37.43155 344.06
-73.07017 -37.18227 344.41
-73.58791 -37.38183 337.98
-72.47612 -36.53932 342.51
-73.07818 -37.16921 350.52
-72.48099 -38.08449 330.29
-73.04472 -37.22212 339.92
-73.07511 -37.22031 342.65
-72.09756 -38.157 331.77
-73.07783 -37.22803 343.33
-73.0011 -37.10107 336.41
-73.04874 -38.41973 344.95
-73.05602 -38.11066 335.37
-72.55695 -36.66721 344.4
-73.09296 -37.15374 333.23
-72.50455 -36.85079 354.38
-72.52682 -36.71569 349.31
-73.57339 -37.3829 340.8
-72.49034 -38.10447 340.67
-73.10714 -38.34565 343.82
-72.10554 -38.16588 331.29
-72.45629 -38.09827 338.06
-73.18575 -38.06325 343.32
-72.49674 -36.87002 342.94
-72.57455 -36.65928 351.08
-72.57357 -36.66281 345.69
-72.46707 -38.07828 352.14
-72.13598 -37.95209 336.34
-72.09254 -38.15608 339.55
-72.51854 -36.85705 348.47
-72.52654 -36.79176 356.19
-72.45303 -38.09035 339.09
-72.76901 -37.50834 339.49
-72.09655 -38.16052 339.21
-73.10118 -37.23219 342.7
-72.48763 -36.85513 346.78
-72.99406 -37.10707 347.67
-73.09632 -37.12177 337.09
-72.54662 -36.69707 347.53
-73.0825 -37.22886 338.9
-72.34265 -38.13263 339.31
-72.48283 -38.12869 344.72
-72.30444 -38.02356 352.02
-73.05907 -37.08549 348.29
-72.47825 -36.55604 341.36
-72.80192 -37.48149 345.45
-72.55108 -36.67933 341.7
-72.57941 -36.66016 341.89
-73.08978 -37.10974 351.89
-72.12819 -37.98032 339.84
-72.12112 -37.9679 342.2
-72.48684 -38.13307 335.28
-72.48379 -38.12521 339.86
-73.05508 -38.11408 335.62
-72.0974 -38.17549 332.28
-72.68491 -37.71594 343.18
-72.59886 -37.12671 353.25
-72.96833 -36.96027 331.5
-72.80485 -37.36502 333.03
-72.495 -38.10531 342.3
-73.06353 -37.22548 345.85
-72.50294 -36.87645 340.82
-72.78414 -37.50742 341.67
-72.08196 -37.99411 342.68
-73.13128 -38.34629 337.78
-73.04247 -38.14057 334.26
-72.54723 -36.69067 348.67
-72.39301 -37.71499 345.68
-72.80283 -37.478 353.01
-72.33485 -38.12387 339.77
-72.50951 -36.85169 350.49
-72.7737 -37.50918 344.27
-72.57412 -38.11235 336.68
-72.80485 -37.39076 332.27
-72.33846 -38.14656 347.42
-73.13541 -38.38272 339.38
-72.55403 -36.66874 338.54
-72.46925 -36.56928 336.04
-72.47985 -38.12083 351.99
-72.46972 -38.10437 341.93
-72.54572 -36.70061 345.67
-72.47094 -38.08265 355.41
-72.10053 -38.16496 346.06
-72.59496 -37.1223 353.28
-73.10065 -38.41097 350.39
-72.0831 -37.9906 346.8
-73.03593 -38.16454 342.38
-72.256 -37.60056 339.32
-72.50184 -36.87097 346.93
-72.7851 -37.50394 351.44
-73.00187 -38.38457 342.64
-72.98953 -38.35733 345.28
-73.06383 -38.08333 347.61
-72.54312 -36.71127 352.62
-72.48675 -38.10016 338.26
-72.7991 -37.39337 345.31
-72.49376 -36.87107 349.96
-72.85194 -37.17287 334.9
-72.47331 -38.10868 350.32
-72.43227 -37.65899 333.89
-72.47597 -38.11647 347.91
-72.49982 -36.86847 352.95
-72.47442 -38.10523 337.7
-73.11188 -37.23048 341.36
-73.0519 -38.42744 343.62
-72.49463 -36.84898 347.08
-73.00241 -38.34882 346.13
-72.22038 -37.88747 352.58
-72.69165 -37.70987 342.56
-72.20422 -37.90672 351.97
-72.86784 -36.5294 343.21
-73.1515 -38.12025 334.84
-72.72438 -37.4674 340.73
-73.04304 -37.134 337.9
-72.48408 -38.09237 339.39
-72.98469 -38.35648 343.93
-72.55016 -36.68287 354.93
-73.09223 -37.26675 347.1
-72.46933 -36.55065 336.93
-72.22234 -37.56644 352.9
-72.22338 -37.56291 351.82
-72.80458 -37.48925 348.15
-72.58332 -36.74828 336.15
-72.12006 -37.97141 345.59
-72.78749 -37.39857 337.3
-72.50391 -36.87292 346.14
-72.78085 -37.38642 337.37
-72.78572 -37.3873 338.69
-72.68749 -37.72369 341.15
-72.87264 -36.53027 341.99
-73.0755 -38.41371 345.85
-72.69003 -37.73144 340
-72.77279 -37.57094 341.47
-73.10006 -37.2356 349.67
-73.07075 -38.41287 338.41
-72.33949 -38.14307 352.54
-72.78073 -37.5578 334.44
-72.49068 -36.87261 351.42
-72.75125 -37.63663 335.27
-72.8736 -36.52677 342.96
-72.81351 -37.4142 339.76
-72.49168 -36.86908 355.29
-72.11585 -37.98547 346.48
-73.00402 -38.35985 338.58
-72.12285 -37.97934 345.53
-72.80011 -37.22925 338.24
-72.33379 -38.12736 347.12
-72.34708 -38.15872 338.06
-72.50486 -36.87896 344.8
-72.59398 -37.12581 343.77
-73.06479 -38.07991 355.23
-72.47427 -36.55157 353.53
-72.77839 -37.52824 340.18
-72.80557 -37.48579 347.45
-72.56634 -38.12188 339.08
-72.77172 -37.51612 351.29
-72.38262 -37.72363 340.5
-72.48798 -38.09673 344.44
-72.18425 -37.93136 344.07
-72.51971 -36.57492 333.75
-72.56039 -38.04779 353
-72.54536 -36.72281 349.66
-72.69109 -37.72799 346.24
-72.49474 -36.86755 355.1
-73.10207 -37.13727 344.17
-72.80191 -37.4194 345.33
-73.09539 -37.12522 343.87
-72.75749 -37.57948 340.83
-73.083 -38.32353 347.29
-72.82605 -36.66433 354.16
-72.5362 -36.70681 349.88
-73.00991 -38.3573 342.98
-72.57027 -38.10801 338.9
-72.82116 -36.66344 341.25
-72.74819 -37.61058 342.98
-72.71956 -37.67831 341.96
-73.12128 -38.34812 353.26
-72.50529 -38.14005 338.96
-72.81065 -37.42461 340.19
-72.99708 -38.38911 336.83
-72.75655 -37.58295 352.08
-72.88662 -36.53281 344.29
-72.65254 -36.52327 345.84
-72.38741 -37.75314 341.59
-72.48939 -36.95027 350.61
-72.87292 -36.50827 349.58
-73.06679 -37.10199 339.46
-72.47117 -36.54352 348.21
-72.74339 -37.60971 343.96
-72.48112 -36.54024 339.55
-73.06255 -37.2832 354.16
-72.48662 -36.86814 354.56
-72.74037 -37.62011 347.27
-73.07144 -38.07391 340.87
-72.7511 -37.61839 355.65
-72.7828 -37.37947 340.29
-72.53859 -36.70751 339.3
-73.09393 -37.1503 345.13
-72.48841 -36.93526 347.43
-72.54861 -36.70856 351.26
-72.14104 -37.95302 345.47
-72.75031 -37.6401 340.02
-72.57375 -36.6443 342.66
-72.46033 -38.10268 352.73
-72.39554 -37.73334 347.26
-72.65788 -38.48167 355.9
-72.23026 -37.57531 338.58
-72.65391 -38.47733 346.52
-73.15701 -38.11764 354.79
-72.37329 -37.88221 353.9
-72.17266 -37.91809 344.89
-73.04697 -38.42657 340.77
-72.4836 -36.86923 340.36
-72.58022 -37.13803 346.49
-72.71756 -37.47347 342.34
-73.07095 -38.38226 349
-72.39207 -38.00638 338.32
-72.34917 -38.16317 340.58
-73.06821 -37.22631 349.99
-72.578 -38.1167 350.63
-72.76779 -37.52998 345.57
-72.76102 -37.53606 353.59
-72.54922 -36.68641 348.24
-72.69746 -37.70727 345.21
-72.47023 -36.54708 347.27
-72.54371 -38.03384 342.06
-72.7707 -37.51958 354.75
-72.76488 -37.5404 341.02
-72.76006 -37.53954 351.03
-72.40022 -37.74443 345.34
-72.47805 -38.10954 352.58
-72.23828 -37.58421 345.29
-72.19027 -37.92876 346.6
-72.39728 -37.73653 345.64
-73.07661 -38.31167 345.21
-72.75951 -38.2337 347.46
-72.55746 -38.03997 345.8
-72.67567 -37.74344 345.84
-72.51873 -36.57846 339.95
-72.72041 -37.67482 344.43
-72.63503 -36.57401 343.48
-72.46181 -36.8821 338.52
-72.48083 -38.11736 349.19
-72.38316 -37.88401 343.74
-73.15609 -38.12106 345.69
-72.20015 -37.91207 343.68
-72.79713 -37.40031 345.8
-72.37164 -38.10486 346.39
-72.18937 -37.9323 337.93
-72.57616 -38.10543 344.76
-72.11125 -38.00318 345.16
-72.3723 -37.88571 346.12
-73.2661 -38.05579 340.85
-72.50584 -36.87543 349.94
-72.3377 -38.13173 343.91
-72.34441 -38.14396 353.03
-72.74059 -37.65657 354.93
-72.21351 -37.23956 347.1
-72.49627 -36.96264 344.47
-72.65881 -38.47821 342.37
-72.71494 -37.67748 350.23
-72.74529 -37.62099 343.8
-72.10157 -38.16145 346.87
-72.51354 -36.85614 346.81
-72.49622 -36.98116 345.96
-72.48741 -36.93879 346.83
-72.59914 -36.54688 339.58
-72.85352 -37.1841 347.97
-72.46709 -38.09658 352.17
-72.52323 -36.9046 356.11
-73.06049 -38.316 351.4
-72.2113 -37.90062 348.53
-72.84666 -37.19017 340.49
-72.74897 -38.23543 353.68
-73.08868 -38.30305 343.82
-72.71409 -37.68097 351.9
-72.53941 -36.70662 333.98
-72.09 -38.01238 350.9
-72.49486 -38.14182 346.66
-72.75839 -38.27329 349.33
-72.75925 -38.26983 344.14
-72.70217 -37.70811 340.31
-73.00718 -38.34966 341.28
-72.45774 -36.87763 338.04
-72.28066 -38.05878 345.53
-72.8086 -36.77078 354.19
-72.77266 -37.53086 354.28
-72.74797 -38.23886 348.6
-73.06441 -38.32027 351.69
-73.06521 -38.29892 346.06
-72.7045 -37.68303 343.57
-72.22027 -37.57349 340.63
-72.50581 -36.86585 355.74
-72.4928 -36.98259 356.37
-72.387 -38.14065 354
-72.77442 -37.56395 349.1
-72.35864 -38.1135 347.21
-72.46507 -38.10353 355.69
-72.7634 -37.57691 356.29
-72.41401 -36.9216 343.63
-72.49776 -36.88506 343.67
-72.56231 -38.05909 347.69
-72.81528 -36.66605 339.99
-72.65413 -36.57538 340.02
-72.09154 -38.1596 353.41
-72.36929 -37.8778 355.54
-72.99007 -38.39503 344.58
-72.4332 -37.67389 347.76
-72.53531 -36.7077 344.37
-72.82806 -37.43502 346.29
-72.87161 -37.44281 341.13
-72.5451 -36.70078 345.76
-72.48563 -36.87167 347.84
-72.75462 -37.58989 355.97
-72.56322 -38.0556 348.26
-72.19122 -37.92524 345.64
-72.4661 -38.10006 354.11
-72.88097 -36.53545 339.82
-72.68247 -38.44624 347.87
-73.05843 -37.26076 339.91
-72.16827 -37.73122 343.71
-72.75755 -38.27676 345.73
-72.79186 -38.00857 348.86
-72.21249 -37.2431 344.35
-72.37843 -37.7478 354.63
-73.07831 -38.30481 347.11
-72.65586 -36.57416 339
-72.39827 -37.73302 348.48
-72.8048 -37.40899 346.81
-72.76612 -37.57703 350.65
-72.71595 -37.67781 355.39
-72.50078 -36.86494 354.83
-72.20854 -37.21998 343.6
-72.51244 -36.90631 344.82
-72.20348 -37.20036 344.5
-72.44985 -37.74312 344.69
-72.3989 -36.86295 352.09
-72.74261 -37.64965 348.84
-72.45397 -38.08686 345.34
-72.47187 -38.09745 350.69
-73.09061 -37.23392 340.31
-72.39518 -37.72059 323.1
-72.57232 -38.10109 348.19
-72.85934 -37.18151 355.41
-72.73482 -37.48757 340.23
-72.53771 -36.71399 348.42
-72.82507 -36.66782 350.4
-72.64487 -36.57582 345.67
-72.64417 -36.57358 352.21
-72.70496 -37.48214 356.08
-72.47514 -36.54287 356.33
-72.72072 -37.48135 345.68
-72.98904 -38.39844 342.96
-72.40199 -36.92683 351.16
-72.50883 -36.87381 352.14
-72.4549 -38.08337 348.01
-73.0003 -38.35562 344.48
-72.80145 -38.01027 346.61
-72.40804 -36.92422 353.82
-72.64957 -37.57811 352.41
-73.00968 -38.37517 343.24
-72.76876 -37.52652 356.35
-72.48392 -36.97723 348.4
-72.49126 -36.98025 350.47
-72.17649 -37.92251 348.38
-72.47078 -38.10091 346.89
-72.46371 -36.87502 349.41
-72.43909 -37.67128 345.4
-72.68449 -38.43107 347.59
-72.40095 -36.93036 344.28
-72.70061 -38.45311 352.1
-72.56419 -38.05212 353.58
-72.50269 -36.85786 353.57
-72.10384 -37.99069 345.94
-72.77749 -37.51351 346.7
-72.48766 -36.87368 348.21
-72.39645 -37.7114 346.9
-72.74843 -37.64705 343.79
-72.79592 -36.68092 355.48
-72.50788 -36.87735 353.95
-72.08788 -38.01941 343.21
-72.22424 -37.57793 354.35
-72.10496 -37.98719 345.51
-72.59 -37.13983 354.27
-72.50487 -36.86939 352.98
-72.79091 -38.01202 348.11
-72.37626 -37.89011 344.22
-73.0018 -38.38994 349.42
-72.51647 -37.0092 343.32
-73.06619 -38.29551 348.51
-72.47287 -38.09398 355.22
-72.95814 -37.35956 355.38
-72.76013 -37.57961 352.84
-72.77648 -37.51697 347.25
-72.41035 -37.7176 348.65
-72.51345 -36.90279 351.65
-72.30724 -38.11151 344.33
-72.57608 -38.12364 349.88
-72.49772 -36.85696 351.49
-72.79816 -37.21794 346.99
-72.52422 -36.90107 353.31
-72.5144 -36.89927 355.25
-72.75605 -37.63749 351.5
-72.11385 -37.99253 344.91
-72.48236 -36.97493 351.5
-72.40404 -36.91976 346.75
-73.10136 -38.34822 344.61
-72.40739 -37.7097 351.67
-72.80288 -37.41593 354.81
-72.58699 -37.15033 347.44
-72.7948 -38.01633 356.16
-72.39795 -36.8665 355.91
-72.45067 -37.72121 350.07
-72.75906 -37.62711 347.68
-72.70435 -38.4574 353.38
-72.63663 -37.6416 355.06
-72.36099 -38.15797 350.91
-72.39351 -37.72192 350.04
-72.50018 -36.98557 351.27
-72.77934 -37.52477 350.48
-72.36 -38.16145 352.43
-72.35509 -38.16057 347.88
-72.76974 -37.52304 351.09
-72.4623 -38.09571 354.69
-72.68895 -37.73489 352.4
-72.5868 -37.20554 352.22
-72.51147 -36.8913 355.36
-72.46391 -38.08868 356.75
-72.3569 -38.16052 350.71
-73.05889 -38.11834 350.86
-72.46313 -38.09221 356.34
-72.75504 -37.62275 348.05
-72.2373 -37.56918 352.62
-72.56239 -37.14583 355.94
-72.35979 -38.1684 352.86
-72.49404 -38.14533 348.66
-72.39254 -37.72542 348.88
-72.57816 -37.14503 351.48
-72.51536 -36.89573 356.46
-72.50467 -36.99591 349.84
-73.07746 -38.30824 351.07
-72.59859 -37.20031 352.16
-72.63282 -37.63726 354.67
-72.708 -37.70552 351.59
-72.78316 -37.5291 355.77
-72.59758 -37.2038 353
-72.589 -37.14333 356.35
