-72.25831 -38.12388 367
-72.26271 -38.12481 367
-72.27068 -38.10092 367
-72.26359 -38.10794 367
-72.27203 -38.09694 367
-72.61471 -38.08433 331.39
-72.27508 -38.10186 298.95
-72.60866 -38.08307 345.87
-72.27243 -38.10982 367
-72.27544 -38.11757 308.91
-72.61577 -38.0902 310.71
-72.61195 -38.09771 297.92
-73.57221 -37.50684 303.53
-72.61162 -38.09636 306.88
-72.61655 -38.08367 324.07
-72.60922 -38.09039 331.64
-72.61833 -38.09608 301.86
-72.61803 -38.09476 302.56
-72.61073 -38.08084 307.79
-72.61588 -38.09006 312.3
-72.61029 -38.08385 319.51
-72.61351 -38.0854 315.83
-72.60917 -38.09172 337.93
-72.66924 -37.90177 323.46
-72.60647 -38.08715 337.25
-72.67131 -37.90654 339.1
-72.26052 -38.10302 340.71
-73.45322 -38.40628 339.18
-72.60278 -38.08184 335.82
-72.1237 -38.01061 339.75
-72.27775 -37.60136 344.17
-72.6152 -38.1012 338.81
-72.12238 -38.01464 340.2
-72.35671 -38.11075 345.18
-72.26094 -38.11591 342.42
-72.2711 -38.1138 354.28
-72.26404 -38.12083 340.72
-72.61022 -38.09597 341.23
-72.26766 -38.096 347.09
-72.26934 -38.10489 354.18
-72.27375 -38.10584 337.75
-72.27034 -38.08804 341.98
-72.2931 -38.11848 354.38
-72.26492 -38.10395 354.61
-72.29176 -38.12245 353.61
-72.12689 -38.01559 342.1
-72.25962 -38.11989 346.27
-72.25916 -38.10699 349.92
-72.26801 -38.10888 353.77
-72.29614 -38.12338 352.9
