-72.52324 -38.40482 367
-72.52251 -38.40554 367
-72.39857 -38.213 367
-72.39924 -38.20894 367
-72.51311 -36.64153 367
-72.51193 -36.64242 367
-72.51046 -36.65041 367
-72.50459 -36.64575 367
-72.51122 -36.64642 367
-72.40438 -38.20535 367
-72.52728 -38.12344 331.04
-72.31324 -38.01561 330.69
-72.52647 -38.13058 334.94
-72.49194 -36.64447 334.27
-72.3593 -38.08581 305.26
-72.49754 -36.6491 367
-72.39989 -38.20489 367
-72.40055 -38.20084 367
-72.50388 -36.64975 367
-72.40503 -38.20129 367
-72.40032 -38.20191 298.47
-72.40585 -38.20472 327.36
-72.40106 -38.20537 300.38
-72.3936 -38.04483 301.2
-72.31718 -38.01475 300.26
-72.41663 -38.0382 313.44
-72.31643 -38.01128 300.15
-72.7935 -38.17293 301.97
-72.78958 -38.17701 306.36
-73.22672 -37.81501 310.07
-72.77782 -38.16806 314.13
-73.22243 -37.81563 304.58
-72.41588 -38.03474 326.09
-72.7888 -38.17359 321.15
-73.22752 -37.81839 306.23
-72.78484 -38.17766 325.61
-72.40511 -38.20126 345.79
-72.77857 -38.17148 306.83
-72.78803 -38.17017 304.77
-72.4311 -38.02062 330.93
-72.66958 -37.89248 318.49
-72.66864 -37.93143 302.09
-72.69213 -37.94937 306.54
-72.68818 -37.95345 309.03
-72.78407 -38.17424 327.34
-72.75441 -38.1713 341.78
-72.68744 -37.95002 299.82
-72.56937 -37.94148 323.97
-72.67957 -37.93699 302.89
-72.4485 -37.90999 299.77
-72.69837 -37.95556 328.16
-72.67484 -37.93764 300.45
-73.1235 -36.73846 315.05
-72.67638 -37.94448 311.09
-73.12795 -36.74559 329.17
-72.73555 -38.17572 327.33
-72.68671 -37.94659 324.15
-72.66936 -37.93486 335.25
-73.23183 -37.81778 333.51
-72.69055 -37.94253 339.37
-72.69289 -37.95279 308.9
-72.74786 -38.17182 328.12
-72.67716 -37.94791 328.86
-72.68506 -37.93976 309.62
-72.67789 -37.95134 328.57
-72.68035 -37.94041 311.66
-72.75607 -38.17458 342.88
-72.68341 -37.95411 341.33
-72.68193 -37.94725 315.07
-72.68813 -37.93228 335.25
-72.68114 -37.94383 315.92
-72.67088 -37.94171 332.08
-72.68587 -37.94318 326.34
-72.7676 -38.17042 346.3
-72.68266 -37.95068 333.71
-72.77326 -38.18034 341.44
-72.68893 -37.9357 340.64
-72.53091 -38.4084 325.92
-72.53172 -38.40765 336.93
-72.68973 -37.93912 341.96
-72.69367 -37.95621 344.75
-72.49688 -36.6531 340.62
-72.67165 -37.94514 338.25
-73.2361 -37.82586 336.18
-72.99368 -38.38307 337.52
-72.99824 -38.38348 336.88
-73.23251 -37.81697 342.81
-73.24095 -37.82632 337.16
-72.5369 -38.07468 334.24
-72.99607 -38.38318 349.42
-72.77631 -38.17516 334.01
-72.39541 -38.20444 341.97
-71.48683 -37.6882 345.7
-72.35996 -38.08177 340.99
-72.49129 -36.64847 339.75
-72.4285 -38.02278 346.44
-72.29015 -38.10365 341.23
-72.40372 -38.2094 352.25
-72.41823 -38.03001 348.35
-72.51904 -36.63907 351.54
-72.40568 -38.19723 344.55
-71.80275 -37.45295 342.82
-72.28948 -38.10768 344.13
-72.29143 -38.10757 343.54
-72.50536 -36.64176 347.55
-72.51765 -36.64707 352.72
-72.5265 -38.1275 345.24
-72.51953 -36.64221 349.71
-72.51836 -36.64307 354.34
-72.52724 -38.12651 347.75
