-72.48928 -38.05608 367
-72.70869 -37.37509 367
-72.94383 -36.66708 293.77
-72.4694 -38.16983 325.25
-72.40845 -38.15723 303.62
-72.40498 -38.16126 295.79
-72.40935 -38.16055 311.92
-72.23147 -38.09266 314.43
-72.90172 -36.72031 298.64
-72.24368 -38.1045 302.84
-72.4041 -38.15794 312.91
-72.22186 -38.09076 307.55
-71.49405 -37.68929 299.86
-72.94794 -38.48073 312.22
-72.19843 -38.08209 304.56
-72.20195 -38.07808 313.81
-72.22453 -38.08343 313.69
-72.49057 -38.06776 307.4
-72.37621 -37.89256 295.76
-72.9231 -36.66058 314.19
-71.49322 -37.68598 314.96
-72.37183 -37.89328 296.07
-72.22623 -38.09006 325.81
-72.7275 -37.36671 297
-72.22892 -38.08272 313.85
-72.22977 -38.08603 297.1
-72.23882 -38.07904 318.24
-72.48889 -38.06112 299.41
-73.12973 -36.78332 299
-72.20721 -38.08068 323.58
-72.94082 -36.67506 307.42
-72.94353 -36.66758 338.07
-72.9453 -36.67429 330.91
-72.48803 -38.0578 314.53
-73.12526 -36.7841 297.01
-72.4977 -38.05967 344.16
-72.94444 -36.67093 340.62
-72.49329 -38.06039 334.85
-72.2254 -38.08674 338.57
-72.65356 -37.5125 299.01
-72.19445 -38.07933 327.41
-72.19486 -38.07977 335.68
-72.20283 -38.08139 345.7
-72.48279 -38.05497 327.75
-72.18556 -38.08403 348.84
-72.94038 -36.6632 329.94
-72.2199 -38.07827 332.37
-72.48516 -38.04869 339.44
-72.49244 -38.05708 336.77
-72.21997 -38.07806 332.18
-72.21937 -38.08766 338.46
-72.21929 -38.08787 337.81
-72.18819 -38.07738 339.94
-72.18864 -38.07788 354.63
-72.49167 -38.05069 332.83
-72.49542 -38.05793 352.98
-72.49574 -38.05895 354.99
-71.49752 -37.69301 333
-72.94416 -36.66413 330.32
-72.48954 -38.05705 350.52
-72.48711 -38.05936 333.26
-71.49334 -37.69266 337.94
-72.51176 -38.07095 326.74
-72.93705 -36.66655 340.22
-72.48777 -38.05452 354.78
-72.50064 -38.06034 351.49
-72.19136 -38.0858 352.9
-72.70184 -37.37301 339.3
-72.19101 -38.08537 351.42
-72.49377 -38.05984 351.68
-72.49129 -38.16626 340.93
-72.93703 -36.66858 342.69
-72.50651 -38.06567 335.41
-72.36347 -38.20338 347.99
-72.23257 -38.08377 352.53
-72.23244 -38.08406 352.56
-72.70728 -37.37486 344.64
-72.70715 -37.37221 347.89
-72.36391 -38.20493 351.9
