-72.22839 -38.06831 367
-72.47899 -38.05164 367
-72.22791 -38.07456 367
-72.48199 -38.04795 367
-72.47759 -38.0488 367
-72.2261 -38.07325 367
-72.2297 -38.07419 367
-72.22733 -38.07261 367
-72.35469 -38.26268 328.94
-72.23325 -38.07512 303.01
-72.23451 -38.07444 207.93
-72.48493 -37.90982 306.25
-72.7223 -37.42358 302.52
-72.82396 -37.58582 305.76
-72.94736 -36.65892 297.49
-72.94176 -36.65586 303.69
-72.72192 -37.37808 304.46
-72.22581 -38.06669 334.68
-72.19854 -38.08823 332.95
-72.24062 -38.07047 339.48
-72.22463 -38.06732 330.02
-72.23331 -38.06861 332.87
-72.48467 -38.05182 350.31
-72.33956 -37.80346 328.8
-72.33993 -37.80195 334.55
-72.20799 -38.08515 355.65
-72.22958 -38.06765 349.13
-72.23808 -38.07536 339.74
-72.47576 -38.05379 354.62
-72.49629 -38.05362 350.92
-72.23212 -38.06929 353.83
-72.23943 -38.07119 331.15
-72.47959 -38.05478 354.28
-72.48141 -38.04978 351.02
-72.82888 -36.5473 341.28
-72.82892 -36.54773 344.75
-72.23701 -38.06955 351.23
-72.23093 -38.07353 344.95
