-72.82417 -38.46489 367
-72.82359 -38.45895 367
-72.82347 -38.46209 367
-72.82317 -38.45801 367
-72.82211 -38.46163 367
-72.6989 -37.32574 336.19
-72.82848 -38.45904 367
-72.82741 -38.46265 367
-72.81572 -38.46423 367
-72.46653 -38.02476 297.04
-72.82459 -38.45758 315.36
-72.81822 -38.4623 299.42
-72.46249 -38.02584 301.23
-72.82872 -38.46188 297.65
-72.82946 -38.46465 302.37
-72.82677 -38.46273 334.1
-72.52715 -37.91589 312.4
-72.8204 -38.45869 332.18
-72.82256 -38.46386 345.89
-72.76054 -37.64356 328.51
-72.76215 -37.64896 340.24
-73.34622 -38.40898 333.38
-73.34515 -38.41253 340.27
-73.38513 -38.18922 337.58
-72.82635 -38.46627 340.67
-72.81783 -38.45699 348.55
-72.46114 -38.02976 352.1
-72.4636 -38.02974 346.9
-72.81464 -38.46784 345.38
-72.81678 -38.46061 352.12
-72.45806 -38.02866 344.48
-72.8114 -38.45957 341.62
-72.81246 -38.45595 348.27
-72.06641 -36.99061 347.66
-72.32332 -37.8727 346.6
-72.06757 -36.98679 343.86
