-72.13637 -37.96177 367
-72.44888 -37.65474 367
-72.13673 -37.96368 367
-73.13213 -38.40106 367
-72.43235 -37.66021 367
-73.06833 -38.10476 367
-73.0688 -38.1063 367
-72.74614 -37.42587 367
-73.06673 -38.10765 367
-72.08961 -37.9694 367
-72.0901 -37.971 367
-72.74323 -37.41881 367
-72.8557 -36.46616 367
-72.73571 -37.4374 367
-73.06508 -38.11559 367
-72.74129 -37.41851 367
-72.73763 -37.41265 367
-73.07458 -38.07862 367
-72.70077 -37.70741 367
-72.43996 -37.61823 367
-72.73598 -37.41224 367
-72.72465 -37.69247 367
-72.74437 -37.42551 367
-72.13154 -37.9678 367
-72.72742 -37.67558 367
-72.44574 -37.64789 367
-72.79711 -37.51336 367
-72.73399 -37.43694 367
-72.79698 -37.51461 367
-72.74464 -37.43006 367
-72.12851 -37.96905 367
-72.43868 -37.61541 367
-72.73401 -37.44601 367
-72.08254 -37.96872 367
-72.77721 -37.56758 367
-72.73384 -37.43552 367
-72.72443 -37.44922 367
-72.72331 -37.45339 367
-72.72289 -37.44918 367
-72.65603 -38.48934 367
-72.72498 -37.4134 367
-72.72207 -37.44781 367
-72.52441 -36.84725 367
-72.09886 -37.99932 367
-72.54546 -36.78701 367
-72.57936 -36.64534 367
-72.45821 -36.87934 367
-72.76408 -37.5899 367
-72.18198 -37.93843 367
-72.56753 -36.67826 367
-71.8986 -37.0891 367
-72.73339 -37.39715 367
-72.44336 -37.61488 367
-72.76785 -37.5939 367
-72.13776 -37.97026 367
-72.5861 -36.63591 367
-72.55812 -36.79663 367
-72.5192 -36.8292 367
-72.72189 -37.68826 367
-72.59988 -37.21068 367
-72.72311 -37.43359 367
-72.853 -36.46395 367
-72.74246 -37.39841 367
-72.1917 -37.93634 367
-72.72103 -37.43026 367
-72.4869 -36.8523 367
-72.87086 -36.51575 367
-72.7379 -37.41867 367
-72.53617 -36.85584 367
-72.07494 -37.98206 367
-72.41318 -37.64942 367
-72.58376 -38.10593 367
-72.58303 -38.10931 367
-72.29322 -38.0408 367
-72.10418 -37.99662 367
-72.7877 -36.67131 367
-72.78777 -38.03267 367
-72.56976 -38.03773 367
-72.12139 -37.98177 367
-72.21188 -37.21185 367
-72.18388 -36.5574 367
-72.56907 -36.67155 367
-72.93246 -38.13909 367
-72.53542 -36.8592 367
-72.08543 -37.97665 367
-72.72585 -37.43193 367
-72.76998 -37.58374 367
-72.7891 -37.55481 367
-72.78844 -36.66793 367
-72.87513 -37.45159 367
-72.17953 -36.55677 367
-72.72243 -37.69246 367
-72.13258 -37.97298 367
-72.74304 -37.4368 367
-72.58761 -38.10994 367
-73.09254 -37.27206 367
-72.56778 -37.1888 367
-72.52884 -36.84788 367
-72.53684 -36.87325 367
-72.72698 -37.69986 367
-72.82313 -36.65543 367
-72.85226 -36.46732 367
-72.87006 -36.51912 367
-72.74703 -37.44084 367
-72.7368 -37.67332 367
-72.72951 -37.41403 367
-72.72501 -37.42777 367
-72.93201 -38.1364 367
-72.17928 -37.25552 367
-72.17385 -37.9258 367
-72.79518 -37.5068 367
-72.72417 -37.42361 367
-72.77161 -37.59791 367
-72.72336 -37.41945 367
-73.10664 -38.41705 367
-72.51633 -36.84264 367
-72.4847 -36.86237 367
-72.17004 -37.92179 367
-72.8224 -36.6588 367
-72.73449 -37.68694 367
-72.17455 -37.92244 367
-72.82167 -36.66217 367
-72.34316 -37.85269 367
-72.35658 -37.87539 367
-72.52734 -36.83382 367
-72.21111 -37.21519 367
-72.07864 -37.98606 367
-72.52662 -36.83718 367
-72.73186 -37.4039 367
-72.53835 -36.86654 367
-72.73524 -37.68355 367
-72.55526 -36.7893 367
-72.55085 -36.78868 367
-72.34862 -37.82159 367
-72.17045 -37.25424 367
-72.44262 -37.61824 367
-72.3446 -37.86678 367
-72.41689 -37.6534 367
-72.72694 -37.41486 367
-72.55448 -36.79266 367
-72.16943 -37.93319 367
-72.72807 -37.39989 367
-72.93126 -38.13981 367
-72.73649 -37.44635 367
-72.58422 -37.19806 367
-72.5303 -36.84116 367
-72.71758 -37.44719 367
-72.73716 -37.42205 367
-72.17486 -37.25488 367
-72.55061 -36.78428 367
-73.10187 -38.41642 367
-72.53467 -36.86256 367
-72.56518 -38.0371 367
-72.7363 -37.42542 367
-72.79732 -36.66918 367
-72.35057 -37.88149 367
-72.34785 -37.82495 367
-72.78545 -37.55082 367
-72.41242 -37.65278 367
-72.72942 -37.42734 367
-72.78742 -37.56156 367
-72.55737 -36.79999 367
-72.95364 -38.19463 367
-72.76925 -37.58712 367
-72.34541 -37.86341 367
-72.17562 -37.25154 367
-72.53176 -36.85522 367
-72.55426 -36.78826 367
-72.72082 -37.69734 367
-72.0757 -37.97872 367
-72.77769 -37.61269 367
-72.21403 -37.22252 367
-72.7169 -37.45058 367
-72.51778 -36.83592 367
-72.34487 -37.81758 367
-72.1708 -37.91844 367
-72.71622 -37.45397 367
-72.73604 -37.6767 367
-72.58244 -36.63193 367
-72.74113 -37.44699 367
-72.5339 -36.88669 367
-72.34388 -37.84932 367
-72.72653 -37.40665 367
-72.569 -38.04112 367
-72.10271 -38.15427 330.22
-73.58652 -37.3861 330.49
-72.11013 -38.16224 330.61
-73.59893 -37.18954 332.52
-72.93353 -38.12959 331.85
-73.58168 -37.38548 330.94
-73.03368 -38.15018 332.36
-72.87991 -36.53785 333.02
-73.07592 -38.08545 334.05
-73.07015 -38.11285 333.28
-73.09497 -37.26189 334.29
-72.12222 -37.9369 332.37
-72.10413 -38.16832 334.57
-73.04368 -38.15389 332.01
-73.11023 -37.23594 332.61
-72.76508 -37.60747 335.85
-72.11774 -37.93628 335.7
-72.86689 -37.44696 334.89
-72.77042 -37.57314 332.42
-73.05357 -38.1247 335.11
-72.10938 -38.1656 332.9
-72.5648 -38.12773 335.43
-73.09342 -37.14994 335.54
-72.40824 -37.58564 337.47
-72.46786 -38.07231 337.58
-72.47257 -36.53221 334.52
-72.47498 -38.12926 338.08
-73.60384 -37.19018 294.82
-72.09438 -38.1704 335.62
-72.18956 -37.89688 335.38
-72.79354 -37.37756 336.01
-72.80732 -37.40038 339.43
-72.57279 -36.65479 334.83
-72.18443 -37.92839 338.17
-72.79984 -37.41329 339.56
-72.409 -37.58227 337.43
-72.79499 -37.37079 336.43
-72.80511 -37.41054 339.95
-72.55798 -36.68035 338.72
-72.36038 -37.87939 306.92
-72.49908 -38.14653 339.11
-72.40975 -37.57891 340.25
-72.55044 -36.70118 336.34
-72.77188 -37.61887 336.85
-72.17996 -37.92775 336.99
-72.81005 -37.48093 341.59
-72.78596 -37.36956 338.79
-72.79118 -37.36679 339.95
-72.64833 -37.65405 340.2
-72.79728 -38.05495 342.04
-72.5667 -38.05125 340.13
-72.12147 -37.08363 340.42
-73.07669 -38.08204 342.66
-72.41915 -37.66413 341.79
-72.92634 -38.14529 341.58
-72.44083 -37.64981 341.88
-72.56744 -38.02696 339.57
-72.47987 -38.0847 339.83
-72.80174 -36.6698 310.14
-72.83273 -36.65329 312.01
-72.79508 -36.67928 341.07
-72.80166 -38.03455 341.78
-72.72694 -37.67893 342.45
-72.98357 -38.38663 339.45
-72.89104 -36.52897 342.62
-72.8787 -36.54462 312.18
-72.5471 -36.80546 340.3
-72.5728 -38.04513 313.36
-72.64729 -37.57381 340.45
-72.3942 -37.98553 342.47
-72.79049 -37.37018 345.13
-72.53981 -36.79751 312.68
-72.72519 -37.45522 342.31
-73.08054 -38.08607 307.91
-72.54783 -36.8021 342.01
-72.34217 -38.00951 343.13
-72.79095 -38.0401 344.13
-72.52808 -38.14358 344.61
-72.5909 -37.18858 346.56
-72.21418 -37.5685 346.25
-72.7262 -37.67882 346.25
-72.80241 -38.03115 345.25
-72.77505 -37.57379 343.02
-72.35963 -37.88276 309.74
-72.80175 -36.69064 344.75
-72.48582 -38.07856 347.56
-72.12072 -37.08698 343.13
-72.49556 -36.98619 347.46
-72.49151 -36.54874 310.26
-72.77633 -37.61948 346.62
-72.85987 -37.18427 343.58
-72.48512 -38.0782 346.7
-72.39494 -37.98216 344.17
-72.64803 -37.57043 347.73
-72.52578 -36.88207 345.24
-72.5265 -36.8787 345.81
-72.19928 -37.89479 345.63
-72.77563 -37.62287 347.25
-72.43182 -37.66938 346.56
-73.06487 -38.11565 349.84
-73.11887 -38.40806 348.7
-72.40488 -37.70724 347.9
-72.41158 -37.7186 349.29
-72.29681 -38.18152 351.05
-72.53543 -36.79689 348.18
-72.13698 -37.97361 320.19
-72.79167 -38.0367 318.44
-72.2962 -38.04816 350.02
-73.06942 -38.11627 310.01
-72.50292 -36.99417 351.36
-72.63696 -37.64201 350.77
-72.72617 -37.68231 350.64
-72.16868 -37.93655 367
-71.89348 -37.09179 367
-73.08144 -37.23903 367
-72.55858 -36.68504 367
-72.72386 -37.69246 367
-72.63169 -37.64476 367
-72.53909 -36.80087 367
-72.78131 -37.56768 367
-72.49775 -36.99689 350.3
-73.12463 -38.40528 367
-72.77464 -37.6053 367
-72.73259 -37.42142 350.88
-72.63316 -37.638 367
-72.64758 -37.65743 367
-72.41122 -37.63462 367
-72.34009 -37.84533 367
-72.51926 -36.84998 367
-72.08095 -37.97601 367
-72.7356 -37.40791 367
-72.07941 -37.9827 367
-72.58869 -37.19868 350.08
-72.50367 -36.99081 367
-72.47121 -38.12526 367
-72.72929 -37.68971 367
-72.531 -36.85857 367
-72.58942 -37.19532 367
-72.51849 -36.83257 367
-72.83054 -36.66341 367
-72.72852 -37.69309 353.94
-72.34984 -37.88486 367
-72.78462 -37.55419 367
-72.72311 -37.69584 350.59
-72.64654 -37.57719 367
-72.4086 -37.71124 367
-73.0729 -37.23437 367
-72.58379 -36.64596 367
-72.49481 -36.98955 367
-72.52147 -36.83991 367
-72.92813 -38.13236 367
-72.7386 -37.41529 367
-72.71375 -37.44318 367
-72.73528 -37.68008 351.94
-72.41168 -37.63533 367
-72.56593 -38.03373 367
-72.4762 -36.53619 367
-72.35509 -37.88212 350.93
-72.92661 -38.13918 354.1
-72.73601 -37.68017 351.9
-72.7254 -37.68569 352.58
-72.73973 -37.45377 367
-72.35583 -37.87876 367
-72.72194 -37.40601 367
-72.82829 -36.65268 367
-72.08018 -37.97935 353.85
-72.80547 -38.01756 367
-72.42733 -37.66875 367
-72.21554 -37.21582 367
-72.17754 -37.93781 367
-72.40599 -37.61654 367
-72.35358 -37.86803 367
-72.93277 -38.133 367
-72.79296 -37.51696 367
-72.73108 -37.40728 367
-72.92777 -38.13847 352.34
-72.55009 -36.79203 367
-72.92706 -38.14188 367
-72.72072 -37.68505 353.07
-72.55576 -36.78155 367
-72.58495 -37.19469 351.92
-72.79778 -38.03053 355.46
-72.73756 -37.66993 367
-72.11694 -37.98114 367
-72.21478 -37.21918 367
-72.48543 -36.85901 367
-72.7371 -37.44294 367
-72.72237 -37.69923 353.59
-72.56667 -38.03034 367
-72.71239 -37.44995 367
-72.54986 -36.78763 367
-72.48617 -36.85566 367
-72.21327 -37.22586 354.63
-72.34038 -37.81696 367
-72.71956 -37.43702 367
-72.41196 -37.58963 367
-72.33936 -37.84869 367
-72.53461 -36.88332 367
-72.72166 -37.70261 356.15
-72.74383 -37.43343 367
-72.74641 -37.44424 367
-72.3446 -37.84595 367
-72.82384 -36.65205 367
-72.77841 -37.6093 367
-72.55501 -36.7849 367
-72.72732 -37.40327 367
-72.5325 -36.85186 367
-72.74237 -37.44019 367
-72.51706 -36.83928 367
-72.34412 -37.82095 367
-72.73263 -37.40053 367
-72.78826 -37.55818 367
-72.74175 -37.4436 367
-72.29693 -38.11268 302.43
-72.33728 -38.14382 300.27
-72.33561 -38.13089 318.65
-73.12225 -38.40387 298.08
-73.58537 -37.38436 324.91
-72.30188 -38.04512 296.33
-73.58472 -37.38037 303.66
-72.75431 -38.27403 296.88
-72.65768 -38.4878 304.73
-73.13501 -38.40258 306.58
-72.33585 -38.1236 301.03
-73.0814 -38.3028 298.37
-72.33221 -38.1443 308.77
-72.97358 -38.21478 295.08
-72.33787 -38.14812 315.47
-72.3328 -38.14861 308.76
-73.04461 -38.15606 314.91
-72.81639 -38.02953 314.86
-73.13364 -38.39853 295.55
-72.81799 -38.02662 297.32
-73.08076 -38.36598 297.4
-72.75372 -38.23989 296.55
-72.52441 -38.13883 300.91
-72.97816 -38.21434 309.63
-72.33962 -38.13012 308.1
-73.4502 -37.60066 321.03
-72.39799 -37.97513 304.69
-72.51958 -38.13931 308.84
-72.80856 -38.02998 331.69
-72.4594 -38.09748 295.57
-72.58453 -38.11144 318.01
-72.39255 -38.1342 307.9
-72.80923 -38.03417 336.99
-72.52928 -38.13836 306.84
-73.15076 -38.11615 323.16
-73.05481 -38.12982 301.52
-72.49445 -38.13742 312.93
-72.39606 -37.98191 296.5
-72.80533 -37.4663 322.47
-72.33395 -38.02027 307.96
-72.57853 -38.1034 315.18
-72.80354 -38.02592 301.41
-72.50781 -38.14337 305.06
-72.5263 -38.13096 296.87
-72.47942 -38.06963 298.31
-72.15601 -37.76254 310.27
-72.52945 -38.13774 300.11
-72.51478 -38.13977 302.9
-72.48711 -38.06565 310.96
-72.46077 -38.10601 300.05
-72.56964 -38.04397 299.92
-72.85816 -37.43985 302.78
-72.33972 -38.14561 330.54
-72.79764 -37.36884 298.14
-72.80231 -38.05185 305.8
-72.3876 -37.98472 306.96
-72.46661 -38.10373 301.17
-73.00909 -38.38997 310.46
-73.15755 -38.12803 317.87
-72.97612 -38.21355 313.67
-72.81394 -37.40209 316.9
-73.13976 -38.40046 307.09
-72.48283 -38.12989 304.95
-72.49911 -38.13989 301.39
-72.10699 -38.16055 303.58
-72.51022 -38.14405 329.72
-72.40066 -37.97615 316.39
-72.78773 -37.36563 306
-72.20547 -37.90818 302.84
-72.39166 -38.00177 301.42
-72.50109 -38.14543 298.15
-72.4951 -38.09843 302.16
-72.49187 -38.14632 311.23
-72.15665 -37.76686 309.33
-72.99394 -38.34497 303.15
-72.47353 -38.10926 298.55
-72.47858 -38.11542 299.52
-72.4025 -37.71984 300.99
-72.10789 -38.16539 299.35
-72.94395 -36.65001 304.11
-72.3968 -37.96962 322.06
-72.48451 -38.09078 297.93
-73.10258 -38.41428 301.21
-72.53883 -38.05977 305.84
-73.07687 -37.16642 300.19
-72.40077 -37.97253 322.71
-72.56025 -38.04484 297.27
-72.39214 -37.97893 325.28
-72.49541 -38.13754 296.96
-72.57639 -38.04378 307.29
-72.48809 -38.06881 320.93
-72.56871 -38.0409 311.88
-72.4032 -37.72411 337.4
-72.46188 -38.09749 317.48
-72.47506 -38.11332 297.38
-72.80326 -37.3947 297.6
-72.1516 -37.76732 315.68
-72.39229 -37.97535 325.95
-72.47559 -38.11759 303.89
-72.47891 -38.06838 302.54
-72.56564 -38.04865 306.71
-72.40913 -37.97339 324.08
-72.4886 -38.0808 313.91
-72.75402 -38.24413 331.63
-72.57819 -38.04721 310.3
-72.48718 -38.07755 298.86
-72.495 -38.10276 300.62
-72.47134 -38.12233 314.72
-72.4966 -38.14586 314.89
-73.1022 -38.34716 308.82
-72.39539 -37.99776 301.71
-72.461 -38.09325 317.51
-72.36444 -37.70188 301.86
-72.48373 -38.08653 302.57
-72.40608 -37.8373 307.36
-72.56699 -38.05713 308.35
-72.18739 -37.72842 322.16
-72.10266 -38.16587 308.97
-72.57925 -38.0507 298.77
-73.03924 -38.15637 298.21
-72.48018 -38.0714 301.99
-72.37005 -37.88034 302.72
-72.1955 -37.93456 301.48
-72.47707 -38.12611 315.76
-72.17705 -37.91959 298.96
-72.48833 -38.07307 316.81
-72.41096 -37.71037 318.37
-72.1732 -37.93311 309.42
-72.39979 -37.99203 298.02
-72.40927 -37.9697 323.85
-72.45509 -38.10222 319.91
-72.47029 -38.11377 301.77
-72.47573 -38.0743 299.99
-72.18031 -37.78662 298.81
-72.10392 -38.15387 314.42
-72.47626 -38.12186 338.8
-73.06403 -37.08175 299.28
-72.19797 -37.88697 309.83
-72.38742 -37.72132 314.27
-72.80233 -37.47505 298.29
-72.88754 -36.54049 313.04
-73.07493 -38.0839 328.64
-73.07184 -38.11161 314.96
-72.80861 -37.3984 335.57
-73.08639 -38.07621 307.05
-72.41637 -37.70484 305.19
-72.46304 -38.06249 304.77
-73.03956 -38.15236 316.99
-72.78352 -37.38818 337.46
-72.48849 -38.07648 319.97
-72.47782 -38.08708 298.97
-72.39307 -37.74088 309.57
-72.59809 -37.16282 299.97
-72.22947 -37.59088 315.01
-72.50745 -38.14134 339.15
-73.07243 -38.1131 314.24
-73.08572 -38.0749 308.53
-72.40839 -37.70746 305.27
-72.80714 -38.03266 338.73
-72.49366 -38.14467 327.23
-72.38738 -37.73707 325.26
-72.79627 -37.52335 298.49
-72.10204 -38.16152 301.48
-72.40447 -37.70432 299.74
-72.73289 -37.46091 314.38
-72.98947 -38.34963 325.29
-73.13334 -38.32865 306.05
-72.11394 -37.97035 317.08
-72.57182 -38.05668 338.08
-72.20244 -37.88218 305.39
-72.13853 -37.9708 305
-72.39234 -37.73984 312.19
-72.1936 -37.89175 300.59
-73.07011 -37.28236 303.13
-73.11736 -38.33294 309.29
-73.07314 -38.07267 299.3
-72.49043 -38.09887 304.43
-72.1888 -37.93165 305.5
-72.79417 -37.37764 302.05
-72.41658 -37.64932 307.68
-73.10796 -38.33722 301.34
-73.05616 -37.25881 301.54
-72.36917 -37.73176 301.79
-73.07866 -38.07933 299.89
-73.06171 -38.10697 302.76
-72.81546 -37.46949 310.23
-72.40235 -37.72078 316.42
-72.3685 -37.72749 299.89
-72.37803 -37.74226 306.08
-72.08559 -38.15862 302.68
-72.45418 -37.64509 304.15
-72.19344 -37.9275 330.42
-72.15373 -37.76138 338.72
-72.17728 -37.92395 301.49
-72.68144 -37.73516 299.25
-72.38418 -37.74256 319.03
-73.03574 -38.14954 308.68
-72.18326 -37.72199 316.82
-72.79243 -37.36515 310.63
-72.6432 -37.63205 299.98
-72.81474 -37.48773 339.33
-72.72842 -37.46561 319.06
-72.4819 -38.07805 303.52
-72.72293 -37.40853 300.9
-72.76408 -37.41903 300.21
-73.1175 -38.342 300.81
-73.06213 -38.10856 303.28
-72.38176 -37.71754 320.84
-72.18613 -37.93228 307.07
-72.37116 -37.71185 298.86
-72.56817 -38.04652 344.87
-72.6498 -37.56195 300.47
-72.13815 -37.96891 311.01
-72.79169 -37.37894 300.83
-72.44949 -37.63551 310.07
-72.80127 -37.41179 316.42
-72.38381 -37.71554 300.54
-72.71151 -37.42833 302.72
-73.09796 -37.25876 309.12
-72.38032 -37.70884 304.22
-73.06754 -37.2297 302.37
-72.45798 -38.06296 311.75
-72.41238 -37.70167 317.43
-73.10945 -38.34471 308.22
-72.17685 -37.91747 325.19
-72.39321 -37.736 342.18
-72.38906 -37.73307 348.71
-72.17533 -37.78708 314.82
-72.08325 -38.00836 307.73
-72.23518 -37.5947 338.14
-72.44715 -37.61263 310.18
-72.18565 -37.72597 335.28
-72.44838 -37.61543 301.98
-72.40326 -37.717 321.21
-72.71033 -37.42182 299.72
-72.44701 -37.63168 321.96
-73.0952 -37.13553 299.57
-72.19378 -37.9298 334.61
-72.40023 -37.71015 313.85
-72.08931 -37.98663 301.7
-72.11883 -37.96753 314.78
-72.49238 -36.93436 299.29
-72.37744 -37.72909 303.66
-72.18604 -37.92994 308.44
-72.70804 -37.43865 300.68
-72.18921 -37.89654 311.26
-72.81673 -37.47781 300.97
-72.75979 -37.4124 300.93
-72.7337 -37.68946 306.81
-72.44843 -38.09851 315
-72.80888 -38.02964 351.26
-73.06233 -38.11228 299.64
-72.21505 -37.56171 306.23
-72.23367 -37.58469 319.88
-72.65508 -37.62667 304.15
-73.08052 -37.21587 300.34
-73.09611 -37.13959 304.81
-72.39931 -37.71392 307.95
-72.71027 -37.70523 306.1
-72.37827 -37.7252 304.43
-72.81943 -37.48288 309.52
-72.37678 -37.74137 314.68
-73.03644 -38.16108 320.06
-72.68721 -37.73125 299.73
-72.42382 -37.64388 299.68
-72.72482 -37.40891 300.1
-72.48055 -38.07385 332.29
-72.43439 -37.6347 301.9
-72.72904 -37.46979 334.01
-72.43828 -37.66023 304.83
-72.77812 -37.38448 323.95
-72.63605 -37.63234 336.99
-72.72979 -37.40611 302.72
-72.18781 -37.92736 307.28
-72.11938 -37.97867 302.18
-72.38162 -37.73195 310.72
-72.38027 -37.74806 332.54
-72.81945 -37.48184 313.05
-72.40737 -37.59989 337.86
-73.12222 -38.3324 313.72
-72.71928 -37.70224 305.64
-72.38251 -37.7218 306.1
-72.6961 -37.72825 304.95
-72.65094 -37.58022 307.03
-72.41726 -37.59893 299.97
-72.42162 -37.64885 302.83
-72.11501 -37.98346 323.26
-73.07143 -37.22513 305.09
-72.11181 -37.98526 324.36
-72.80674 -37.49411 305.41
-72.37602 -37.72945 309.81
-72.86929 -36.65763 309.04
-72.21906 -37.55819 302.18
-72.42984 -37.66967 335.93
-72.71272 -37.42905 300.73
-72.71431 -37.46063 306.66
-72.44468 -37.64495 336.34
-72.23341 -37.58083 309.16
-72.77628 -37.57774 309.12
-72.83375 -37.43387 315
-72.42159 -37.59419 300.33
-72.12437 -37.97537 308.58
-72.80451 -37.48028 309.39
-72.53054 -36.71284 303.31
-73.00194 -37.09645 321.36
-72.62878 -37.64628 303.1
-72.78835 -37.50298 301.42
-72.13859 -37.94075 304.81
-72.13159 -37.97303 308.04
-73.09933 -37.23051 301.04
-72.73524 -37.6633 302.36
-72.13919 -37.94948 301.01
-72.10198 -37.98847 309.06
-72.7187 -37.42596 307.65
-72.72808 -37.4614 304.77
-72.52912 -36.84513 302.87
-72.13376 -37.9549 301.09
-72.43112 -37.60212 306.63
-72.77299 -37.58014 316.33
-72.08558 -37.99051 301.46
-72.38499 -37.73869 338.24
-72.13304 -37.96425 330.91
-72.38088 -37.7358 328.35
-72.239 -37.58562 311.22
-72.12366 -37.97366 307.84
-72.13253 -37.97211 304.83
-72.62692 -37.63364 302.13
-72.08187 -38.00407 322.98
-72.08862 -37.98514 309.63
-72.73306 -37.66571 308.82
-72.80393 -37.39885 325.67
-72.11134 -37.96531 312.19
-73.10463 -37.13873 318.28
-72.21567 -37.56602 309.64
-72.43245 -37.60493 307.56
-72.78428 -37.50761 302.71
-72.1726 -37.92878 326.05
-72.62787 -37.63506 317.46
-72.4408 -37.63835 306.26
-72.17787 -37.91949 337.48
-72.12737 -37.93299 309.99
-72.73631 -37.67261 305.89
-72.07886 -37.96524 302.2
-72.80305 -36.67691 315.21
-72.63467 -37.63491 347.3
-72.12955 -37.95058 305.45
-72.53052 -36.86673 303.1
-72.43697 -37.65172 314.93
-72.76905 -37.53027 308.75
-72.63238 -37.63739 312.65
-72.72191 -37.45808 311.29
-72.18689 -36.55498 316.61
-72.71865 -37.4581 322.56
-72.11582 -37.98779 337.41
-72.22253 -37.56487 302.99
-72.77509 -37.61956 308.07
-73.08028 -37.21174 310.92
-72.78402 -37.49483 301.56
-73.05421 -37.22693 303.76
-72.43325 -37.606 304.32
-72.59717 -37.12462 302.96
-72.71927 -37.46653 304.95
-72.9864 -36.95363 308.36
-72.78892 -37.55793 301.65
-72.42666 -37.63055 307
-72.44062 -37.62254 337.81
-72.41953 -37.61715 315.05
-72.52865 -36.87072 302.54
-72.12524 -37.95959 310.14
-72.80058 -37.40763 323.51
-73.08573 -37.23195 306.86
-72.71233 -37.44524 319.13
-73.10096 -37.13181 346.24
-73.07539 -37.2361 328.24
-72.52979 -36.84932 334.73
-73.07635 -37.22462 307.44
-72.11076 -37.96096 304.87
-72.41811 -37.62759 319.32
-72.42645 -37.61154 304.13
-72.41526 -37.64081 315.89
-72.17535 -37.92805 339.81
-72.65331 -37.56876 309.65
-72.55389 -36.72323 309.75
-72.43494 -37.6278 307.74
-73.09538 -37.1241 312.63
-72.75092 -37.41533 325.94
-72.72695 -37.58962 310.47
-72.52326 -36.83722 302.32
-72.7486 -37.40896 306.03
-72.10766 -37.97888 312.85
-72.41572 -37.61052 339.12
-72.77339 -37.62675 310.21
-72.75108 -37.58292 309.41
-72.49668 -36.98927 302.07
-72.52555 -36.71334 303.55
-72.22881 -37.58659 308.45
-72.18344 -37.92542 310.72
-72.42197 -37.62088 307.09
-72.77083 -37.50892 319.15
-72.43485 -37.60878 316.1
-72.42031 -37.62023 314.67
-72.53529 -36.71661 331.2
-72.42556 -37.62758 307.05
-72.71235 -37.69656 308.36
-72.59379 -37.18469 306.39
-72.42276 -37.60486 309.13
-72.72628 -37.41544 304.4
-72.08665 -37.96267 323.77
-73.08996 -37.21904 313.04
-73.09476 -37.12002 317.21
-72.52795 -36.86654 308.79
-72.77133 -37.62885 314.23
-72.409 -36.92545 313.52
-72.50055 -36.73286 305.61
-72.1906 -36.54812 334.34
-72.73129 -37.65662 335.34
-72.74696 -37.40861 308.92
-72.17374 -37.92625 341.71
-72.42782 -37.61438 307.42
-72.18353 -37.93214 340.85
-72.81137 -37.47413 309.6
-72.1821 -37.92349 323.79
-73.07166 -37.09756 325.26
-72.74466 -37.44245 316.83
-72.42328 -37.62378 305.89
-72.08057 -37.99095 331.14
-72.76514 -37.5828 305.75
-72.13404 -37.96856 337.22
-72.76197 -37.63852 310
-72.78163 -37.56713 317.93
-72.78164 -37.52056 302.82
-72.76679 -37.5809 310.75
-72.19118 -36.54936 333.69
-72.72477 -37.40236 305.14
-72.75644 -37.6381 302.07
-72.43385 -37.61026 316.44
-73.08165 -37.23653 354.71
-72.63722 -37.63692 320.85
-72.72003 -37.42659 318.84
-72.79362 -37.50669 327.98
-72.72157 -37.41115 326.1
-72.43013 -37.61926 306.25
-72.59512 -37.19188 318.65
-72.71782 -37.41576 313.02
-72.76638 -37.59706 334.31
-72.7598 -37.58323 306.84
-72.81355 -37.4794 335.84
-73.08136 -37.22824 311.49
-72.42874 -37.63092 309.5
-72.86028 -36.46568 320.82
-72.74812 -37.59513 305.57
-72.591 -37.19773 310.83
-72.43389 -37.62486 311.14
-72.79044 -37.49147 306.69
-72.57853 -36.65298 318.08
-72.76707 -37.58554 328.65
-72.80891 -37.47985 336.41
-73.09953 -37.12366 323.08
-72.77019 -37.61981 307.64
-72.4828 -36.8713 324.04
-72.44238 -37.62208 350.88
-72.08018 -37.98658 323.74
-72.72672 -37.69203 305.85
-72.42093 -37.62448 305.41
-72.4435 -37.62495 352.11
-72.48515 -36.8709 323.24
-72.76257 -37.59024 324.62
-72.43298 -37.62621 319.25
-72.72809 -37.41586 312.92
-72.79081 -37.49254 308.99
-72.52657 -36.85816 306.69
-72.76689 -37.6129 319.37
-72.855 -36.46206 328.28
-72.76263 -37.59029 341.34
-72.78368 -37.50343 339.55
-73.12624 -38.40505 355.66
-72.48037 -36.53837 313.77
-72.42896 -37.61074 308.38
-72.76309 -37.59443 322.26
-72.72414 -37.59028 312.15
-72.76846 -37.6218 305.27
-72.17834 -37.93263 350.3
-72.07748 -37.98174 318.93
-72.76859 -37.61995 325.84
-72.40354 -37.97895 339.11
-72.72621 -37.66627 325.6
-73.06739 -38.11178 355.07
-72.1236 -37.96949 322.34
-72.74146 -37.45156 355.32
-72.54375 -36.71576 311.73
-72.73597 -37.43517 313.92
-72.77376 -37.52981 306.08
-72.76338 -37.60606 310.28
-72.89796 -36.59767 344.09
-72.71525 -37.43623 335.65
-72.5925 -37.12508 303.01
-72.08703 -37.96431 330.67
-72.72376 -37.66882 318.4
-72.72356 -37.46185 319.97
-72.08559 -37.96774 338.11
-72.76201 -37.60794 310.16
-72.11918 -37.07719 313.92
-72.42464 -37.61548 309.31
-72.43037 -37.61813 311.84
-72.81577 -37.47502 330.57
-72.49737 -36.99348 306.45
-72.76383 -37.63137 314.56
-72.53327 -36.88348 338.15
-72.08539 -37.98021 309.09
-72.76546 -37.6148 317.09
-73.11006 -38.34626 332.13
-72.72921 -37.65901 349.31
-72.72222 -37.65961 311.81
-72.42956 -37.61499 312.39
-72.53648 -36.79762 309.45
-72.76129 -37.63762 341.04
-73.07763 -37.10108 312.41
-72.10998 -37.98391 310.32
-72.73836 -37.42646 307.26
-72.11672 -37.96921 349.73
-72.50279 -38.14383 335
-72.78526 -37.56253 337.72
-72.76486 -37.59895 345.64
-72.76644 -37.6032 321.69
-72.72985 -37.45543 332.85
-73.0979 -37.12697 317.66
-72.07595 -37.97306 325.51
-72.81574 -37.47605 332.62
-72.55114 -36.71078 319.84
-72.12392 -37.95813 330.23
-72.76624 -37.58139 338.14
-72.68165 -37.7394 340.08
-72.79158 -37.52381 310.43
-72.11905 -37.94697 317.56
-72.48972 -36.53741 303.69
-72.41385 -37.6323 337.85
-72.69252 -37.71114 349.24
-72.41258 -37.62378 337.45
-72.77968 -37.50806 318.96
-72.43997 -37.61829 338.19
-73.08418 -37.23523 350.73
-72.98238 -36.95404 337.23
-72.42242 -37.62287 314.74
-72.41593 -37.64507 337.03
-72.40932 -37.61266 334.16
-72.75718 -37.64227 319.45
-72.12157 -37.92913 324.34
-72.76563 -37.62931 318.36
-72.5741 -36.65341 306.35
-72.12508 -37.95973 343.47
-72.79346 -37.50654 306.19
-72.42155 -37.62874 310.31
-72.75347 -37.62141 306.55
-72.71539 -37.67614 307.21
-73.07677 -37.22873 318.7
-72.12403 -37.94651 344.34
-72.56237 -36.66727 322.8
-72.76321 -37.62213 311.41
-72.76105 -37.58192 304.4
-72.7579 -37.58526 332.95
-72.12046 -37.08578 312.63
-72.68995 -37.7173 333.53
-72.1291 -37.96416 352.36
-72.43167 -37.62099 314.49
-72.75612 -37.60419 307.67
-72.5083 -36.83445 317.84
-72.42341 -37.60696 323.2
-72.55045 -36.70661 309.85
-72.87495 -36.51263 339.24
-72.76192 -37.58607 335.64
-72.55481 -36.70617 326.01
-72.41481 -37.61644 340.54
-72.54842 -36.69408 308.42
-72.88311 -36.53678 319.65
-72.77039 -37.57673 315.69
-72.12711 -37.97263 314.41
-72.71874 -37.68646 346.86
-72.75787 -37.60131 311.55
-72.41601 -37.62497 339.87
-72.50414 -36.83913 316.48
-72.79337 -37.50778 310.04
-72.76338 -37.62045 319.85
-72.08703 -37.97643 338.21
-72.80457 -37.40302 341.84
-73.09949 -37.13511 335.33
-72.75529 -37.59274 326.87
-72.88721 -36.53636 322.69
-72.12957 -37.96599 344.15
-72.58022 -36.64754 333.28
-72.4836 -36.54691 305.79
-72.7611 -37.59219 340.05
-72.57388 -36.63973 326.2
-72.17741 -37.92833 334.73
-72.47701 -36.54721 306.29
-72.11576 -37.96049 307.93
-72.48694 -36.55045 309.7
-72.18256 -36.55223 348.48
-72.75689 -37.6126 316.74
-72.71964 -37.42406 316.18
-72.42521 -37.61974 316.58
-72.18196 -36.55095 345.51
-72.7283 -37.45713 308.54
-72.69135 -37.73421 339.13
-72.48565 -36.54208 325.09
-72.81189 -37.47831 341.73
-72.12222 -37.93347 327.62
-72.79428 -37.51086 344.49
-72.7584 -37.62093 306.15
-73.06378 -38.12054 349.65
-72.48163 -36.54674 309.13
-72.77631 -37.56343 314.15
-72.71212 -37.70242 312.51
-72.7869 -37.52428 306.64
-72.7832 -37.49925 340.18
-72.41689 -37.61907 339.85
-72.78214 -37.55015 325.77
-73.10902 -38.34216 348.18
-72.43929 -37.63425 346.18
-72.79702 -36.66916 333.15
-72.12013 -37.95568 315.6
-72.78059 -37.54183 331.36
-72.71835 -37.45388 338.43
-72.75269 -37.61725 306.63
-72.71426 -37.67997 325.55
-72.75529 -37.59579 320.07
-72.75944 -37.59937 327.37
-72.75692 -37.58658 326.95
-72.41878 -37.63185 325.49
-72.76074 -37.63343 310.92
-73.07487 -38.08012 356.35
-72.55393 -37.18433 309.39
-72.7532 -37.59544 314.25
-72.70797 -37.68539 336.96
-72.12349 -37.94215 340.68
-72.87316 -36.5143 340.21
-72.51906 -36.84189 338.76
-72.42654 -37.62824 312.48
-72.75574 -37.59999 311.14
-72.89111 -36.5318 326.44
-72.42802 -37.62667 312.74
-72.41318 -37.62804 335.06
-72.42344 -37.66163 344.12
-72.50584 -38.14497 336.22
-72.89524 -36.53139 352.77
-72.76515 -37.62876 339.05
-72.48506 -36.53789 329.82
-72.48823 -36.54646 347.5
-72.78117 -37.54601 342.31
-72.75764 -37.61677 316.89
-72.42585 -37.62399 311.47
-72.17236 -37.92441 350.6
-72.51491 -36.84657 327.1
-72.73632 -37.44361 338.59
-72.76271 -37.61628 340.94
-72.77299 -37.568 338.22
-72.72045 -37.42822 341.22
-72.8739 -36.50857 319.63
-72.48624 -36.54627 329.89
-72.50894 -36.83865 332.25
-72.12288 -37.93781 326.39
-72.0796 -37.98222 323.97
-72.54919 -36.69825 340.43
-72.55721 -36.66353 335.93
-72.1196 -37.95132 334.75
-72.41422 -37.61218 339.62
-72.87214 -36.51024 325.99
-72.51315 -36.83397 335.32
-72.75025 -37.59628 335.02
-72.87653 -36.50978 339.9
-73.07706 -37.23285 342.06
-72.78959 -37.51132 312.98
-72.43079 -37.62351 316.93
-73.1021 -37.12655 338.31
-72.71733 -37.44126 343.17
-72.15093 -37.763 335.8
-72.55185 -36.77487 339.68
-72.79027 -37.51548 318.41
-72.41199 -37.61952 331.58
-72.64884 -37.56763 340.12
-72.75969 -37.59113 345.72
-72.75066 -37.60048 339.26
-72.7176 -37.44547 352.69
-72.71439 -37.70177 325.3
-72.43716 -37.65073 333.25
-72.70879 -37.68956 351.48
-72.69843 -37.70797 340.57
-72.08634 -37.97208 338.3
-72.5617 -36.6631 341.27
-72.72816 -37.4529 325.86
-72.72195 -37.66273 336.03
-72.41663 -37.62923 341.55
-72.43791 -37.62575 353.68
-72.76936 -37.62411 343.28
-73.07992 -37.23565 355.68
-72.75471 -37.59161 327.2
-72.64951 -37.57184 335.83
-72.72347 -37.45761 334.84
-72.72475 -37.67946 339.98
-72.52801 -36.87974 339.06
-72.71699 -37.43705 326.16
-73.06738 -37.098 347.56
-72.51431 -36.84237 349.6
-72.55372 -36.67236 347.23
-72.71669 -37.70198 349
-72.43641 -37.62727 334.57
-72.55617 -36.68484 353.59
-72.62756 -37.63785 341.47
-72.40678 -37.59563 342.3
-72.43569 -37.62302 334.66
-72.43761 -37.65598 342.53
-73.10017 -37.12774 341.11
-72.7807 -37.56299 352.88
-72.08469 -37.98177 327.27
-72.72721 -37.44027 337.38
-72.72259 -37.66692 338.16
-72.75906 -37.58696 355.1
-72.85744 -36.46458 335.93
-72.72616 -37.4107 354.47
-73.06308 -38.1164 347.85
-72.55532 -36.68068 346.61
-72.5489 -36.71949 343.75
-72.87416 -36.54399 332.09
-72.53273 -36.87928 339.39
-72.69395 -37.71266 347.23
-72.732 -37.44404 335.94
-72.79561 -37.51919 338.52
-72.43227 -37.62196 328.43
-72.72344 -37.39926 339.74
-72.71337 -37.68911 329.69
-72.76569 -37.63295 352.32
-72.87611 -36.513 344.19
-73.10272 -38.413 342.65
-73.03535 -37.07558 334.48
-72.55206 -36.71493 335.26
-72.71272 -37.68492 339.59
-72.8688 -36.51476 320.96
-72.73226 -37.44825 331.01
-72.12062 -37.96003 332.71
-72.08258 -37.98126 329.98
-72.76205 -37.6121 340.89
-72.86803 -36.50841 346.94
-72.89554 -36.59216 332.39
-72.51965 -36.84609 352.38
-72.18203 -36.55545 344.18
-72.07677 -37.97739 335.79
-72.71893 -37.70132 341.72
-72.78412 -37.55841 349.52
-72.12635 -37.9683 355.88
-72.86642 -36.50751 355.44
-72.72716 -37.66647 347.3
-72.71623 -37.68031 334.68
-72.86722 -36.51177 344.84
-72.73499 -37.43103 342.06
-72.76022 -37.59532 342.94
-72.45399 -38.09798 347.84
-72.43721 -37.6215 351.06
-72.43862 -37.62999 350.71
-73.09436 -37.21978 335.75
-72.08199 -37.97363 341.28
-72.11833 -37.96556 346
-73.09454 -37.26326 352.94
-72.43446 -37.61452 354.27
-72.75758 -37.59075 342.97
-72.73256 -37.45247 344.84
-72.54143 -36.79713 343.89
-72.98727 -36.9574 332.19
-72.75816 -37.59494 340.61
-72.34094 -37.86279 336.9
-72.10565 -38.16161 332.77
-72.78303 -37.55429 340.76
-73.05439 -37.23185 340.26
-72.73154 -37.41441 347.14
-72.11345 -37.96599 337.39
-72.86563 -36.5185 346.8
-72.71965 -37.67572 319.49
-73.09589 -37.23749 332.18
-72.7348 -37.41128 343.84
-72.57105 -38.05244 341.45
-72.89864 -36.59954 340.51
-72.73019 -37.42217 312.87
-72.76065 -37.59952 354.86
-72.89417 -36.59892 335.07
-72.82454 -36.64868 333.19
-73.04002 -37.07621 342.22
-72.3417 -37.85942 347
-73.09547 -37.26732 353.54
-72.55309 -36.71907 351.17
-72.5545 -36.67652 351.03
-72.71442 -37.43979 341.15
-72.98917 -36.95777 338.26
-72.69432 -37.71688 341.59
-73.0361 -37.07218 346.07
-73.12801 -38.0371 336.8
-72.44188 -37.65126 340.4
-72.0816 -37.97204 346.22
-72.07812 -37.97353 347.06
-72.72783 -37.4487 350.17
-73.03836 -38.15082 343.4
-72.41541 -37.62071 353.6
-72.87056 -36.51307 347.39
-73.05703 -38.42106 346.34
-72.72269 -37.40263 348.38
-72.88448 -36.53848 337.55
-72.72881 -37.39652 351.23
-73.09792 -37.26929 333.45
-72.74616 -37.58744 336.08
-73.08605 -37.23966 346.09
-72.11628 -37.96484 346.12
-72.52515 -36.84389 344.23
-72.72325 -37.67111 339.76
-73.13059 -38.34407 344.04
-73.58244 -37.38203 346.01
-72.95434 -38.19121 346.46
-72.48618 -38.14126 344.58
-73.088 -37.27144 335.96
-72.46819 -38.11787 341.48
-72.93237 -36.66019 339.18
-72.72029 -37.43364 350.17
-73.12226 -38.3359 333.26
-72.65682 -38.48595 334.42
-73.07614 -37.24181 345.21
-72.72746 -37.44449 342.48
-72.95831 -38.19526 348.33
-73.09135 -37.23687 340.13
-72.8948 -36.52727 342.12
-73.06882 -38.41205 339.1
-72.4603 -38.10982 341.03
-73.03418 -38.15264 344.63
-73.03757 -38.15423 340.3
-73.08796 -37.11071 339.36
-72.4621 -38.12399 336.96
-73.12301 -38.33246 332.96
-72.65524 -38.49273 332.4
-72.84777 -36.46669 339
-72.72275 -37.44443 342.99
-72.34113 -37.81359 351.41
-72.73277 -37.45668 347.33
-72.08405 -37.97741 353.44
-73.06174 -38.1082 335.81
-73.10047 -37.23812 345.43
-72.80041 -37.50403 334.35
-72.72404 -37.43764 351.6
-72.51337 -36.8353 345.49
-72.12108 -37.96439 345.94
-72.79207 -37.38434 338.09
-72.99933 -38.37816 343.3
-72.87519 -36.78491 337.84
-72.76553 -37.58312 338.09
-72.87135 -37.44758 338.57
-73.11833 -38.33184 334.81
-72.97802 -36.95611 335.34
-72.30229 -38.02126 347.04
-73.07847 -38.36536 338.22
-72.4519 -38.10518 348.94
-72.72722 -37.44505 335.36
-72.12309 -37.96513 343.01
-72.86356 -36.50779 344.72
-72.80206 -37.40314 341.5
-72.20005 -37.89144 339.85
-72.49991 -38.14317 342.12
-72.97358 -36.9555 343.57
-72.73647 -37.43936 340.92
-72.45565 -38.10918 341.46
-72.33862 -37.85206 340.92
-72.93896 -36.65067 338.92
-72.55286 -36.77421 339.93
-72.8567 -36.46795 346.61
-72.93745 -38.13363 332.96
-72.86607 -37.45034 353.9
-72.96156 -36.95748 345.73
-72.85502 -37.43835 340.49
-72.52219 -36.83655 348.72
-72.14017 -37.93945 343.91
-72.30154 -38.02462 346.95
-72.41048 -37.59636 339.04
-72.86275 -36.51115 353.1
-73.12347 -38.0365 345.96
-72.17017 -37.92984 343.59
-72.13873 -37.94616 340.66
-72.81339 -37.41516 338.08
-72.7697 -37.62903 341.14
-72.50372 -38.14717 340.57
-73.09336 -37.26867 345.1
-72.40529 -37.57829 344.27
-72.5823 -38.1127 345.61
-72.97536 -36.95589 337.76
-73.07761 -38.36877 338.29
-72.98103 -38.37572 340.97
-72.47578 -38.12589 342.34
-72.69386 -37.72319 346.36
-72.33963 -37.82032 341.55
-72.79807 -37.37819 335.21
-72.79656 -36.67255 340.81
-73.07222 -37.23778 343.1
-72.4075 -37.63063 344.61
-72.56288 -38.02633 347.47
-72.79267 -37.55879 334.61
-72.81516 -37.47123 338.08
-72.56366 -38.02295 339.26
-72.1267 -37.93754 346.86
-72.35206 -37.87476 343.21
-72.34754 -37.87413 352.45
-72.7928 -37.38095 335.96
-72.48989 -38.14526 349.38
-72.144 -37.94345 343.77
-73.06869 -38.11969 345.65
-72.72401 -37.67529 347.44
-72.0779 -37.98941 346.77
-73.11758 -38.33527 347.57
-72.07806 -37.96867 346.3
-72.58321 -36.62857 342.53
-73.04288 -38.15731 344.9
-72.07944 -38.00347 345.66
-72.77323 -37.61208 340.32
-72.73375 -37.45991 345.96
-72.35361 -37.88886 349.31
-72.79095 -37.51965 335.66
-72.86196 -36.51452 338.26
-72.12778 -37.96471 349.73
-72.77016 -37.60468 345.04
-72.11087 -37.96643 354.02
-72.99865 -38.38159 337.94
-72.72225 -37.59112 337.94
-72.76949 -37.60808 341.72
-72.87531 -36.51637 354.44
-72.5621 -38.02971 339.59
-73.06559 -38.11223 339.64
-72.77256 -37.61547 340.62
-72.07727 -37.97202 341.57
-72.12518 -37.94424 346.92
-72.09296 -38.15635 356.26
-72.76309 -37.63858 340.27
-72.784 -36.66731 336.71
-73.04076 -37.07281 341.95
-72.16932 -37.92516 345.18
-73.06828 -37.23374 339.12
-72.53175 -36.83445 344.28
-72.10643 -38.15826 348.9
-72.64503 -37.58395 346.58
-72.72227 -37.44076 354.34
-73.1457 -38.12294 341.54
-72.08115 -37.97257 354.88
-72.98035 -38.37915 341.07
-72.71648 -37.69775 337.01
-72.43505 -37.61877 343.71
-72.56373 -36.6823 342.47
-73.08208 -37.23562 339.88
-72.83227 -37.43521 344.76
-72.72147 -37.5945 338.93
-72.14327 -37.9468 348.14
-72.30305 -38.0179 345.11
-72.52849 -36.88395 330.44
-72.12597 -37.96166 349.93
-72.41541 -37.63932 343.34
-72.16679 -37.25026 346.38
-72.83718 -36.65392 350.42
-72.49226 -36.5454 345.66
-72.13052 -37.9623 344.62
-72.57804 -36.6313 339.14
-72.3468 -37.87749 341.92
-72.73508 -37.45312 344
-72.77073 -37.58035 337.72
-72.2282 -37.5878 347.39
-72.43887 -37.61425 344.64
-73.07412 -38.07979 333.44
-72.1207 -37.94361 353.68
-72.0869 -37.99069 346.34
-72.7267 -37.43608 350.43
-72.56983 -36.66821 336.62
-72.86642 -36.51513 348.78
-72.76338 -37.59329 342.47
-72.71307 -37.44656 346.77
-73.07355 -37.23096 346.46
-72.79467 -38.02311 349.38
-72.7319 -37.43981 337.91
-73.03889 -38.15326 354.42
-72.95289 -38.19804 354.77
-72.78697 -36.67467 348.7
-72.5497 -36.70454 346.99
-72.77043 -37.62564 343.56
-72.73902 -37.45715 348.51
-72.51997 -36.50098 346.79
-72.34605 -37.88086 337.98
-72.40674 -37.61317 346.53
-72.73579 -37.44973 349.12
-72.78321 -37.40403 344.29
-72.43656 -37.61724 349.39
-72.08332 -37.97306 354.99
-72.65924 -38.47578 344.34
-72.76479 -37.58651 344.13
-72.8111 -37.40439 343.17
-72.53319 -36.89005 344.61
-72.41719 -37.5869 355.63
-72.12895 -37.969 349.92
-73.069 -37.23034 345.41
-72.717 -37.68449 351.96
-72.81458 -37.48155 346.96
-72.07893 -37.97787 352.03
-72.13946 -37.94281 348.04
-72.73405 -37.41466 353.47
-73.06628 -37.28598 343.49
-72.55846 -36.67189 333.27
-72.53026 -36.86193 351.13
-72.56746 -38.04787 350.13
-72.51192 -36.84202 351.13
-72.5644 -38.04048 348.19
-72.73769 -37.43954 355.64
-72.79754 -37.40252 343.09
-72.76744 -37.61826 350.06
-72.81184 -37.401 344.79
-72.23709 -37.58907 343.43
-72.48786 -36.54477 349.53
-72.10194 -38.15762 353.39
-72.54697 -36.7803 344.59
-72.7742 -37.57716 348
-72.4184 -37.6675 355.65
-72.12574 -37.96395 344.78
-72.3528 -37.8714 350.4
-72.34694 -37.85669 349.63
-72.7189 -37.44041 353.11
-73.03912 -37.07288 352.12
-72.79391 -38.0265 350.4
-72.0824 -37.99005 346.86
-72.78851 -37.53728 339.42
-72.3513 -37.87812 343.9
-72.71555 -37.45736 346.69
-72.5631 -36.67762 342.32
-72.08173 -37.97266 341.74
-72.24221 -37.60711 341.4
-72.52876 -36.86864 343.97
-72.55468 -36.72255 347.42
-72.7344 -37.45651 346.83
-72.85952 -37.43896 345.94
-72.19635 -37.88745 340.89
-72.4081 -38.15473 344.53
-72.71637 -37.70537 355.04
-72.777 -37.61608 355.19
-73.09415 -37.14654 345.52
-72.53685 -38.05756 352.18
-72.36601 -37.69482 345.29
-73.04237 -38.15488 348.95
-72.42287 -37.66813 353.01
-73.06788 -37.2792 340.38
-72.51265 -36.83866 353.99
-72.79583 -36.67591 346.25
-72.72653 -37.66228 338.58
-72.29588 -38.11468 347.93
-72.59527 -37.12672 350.43
-72.52808 -36.85124 356.21
-72.45444 -36.88344 339.89
-72.53616 -36.79353 346.61
-72.12367 -37.97171 348.11
-72.08251 -37.96931 347.72
-72.53176 -36.79291 349.32
-72.41392 -37.64605 350.03
-72.72654 -37.44844 352
-72.97791 -38.21548 342.19
-72.41122 -37.59299 351.97
-72.30073 -38.0488 353.48
-72.57651 -36.638 349.69
-72.45882 -36.88406 346.99
-72.42267 -38.17417 348.71
-72.54053 -38.06156 345.05
-72.78168 -37.54681 351.65
-72.50531 -36.8307 349.05
-72.52957 -36.84452 348.62
-73.09029 -37.26125 345.28
-72.41198 -37.63126 345.67
-72.54055 -36.79415 348.01
-72.95755 -38.19867 345.24
-72.3471 -37.82831 346.37
-72.52511 -36.8498 332.93
-72.69106 -37.73674 345.92
-72.7924 -38.0333 347.59
-72.56555 -38.12435 345.39
-72.95213 -38.20146 347.14
-72.41272 -37.58627 354.33
-72.45895 -36.87599 347.18
-72.7993 -38.02373 348.67
-72.52367 -36.85061 348.95
-72.87057 -37.45096 352.96
-72.74577 -37.44764 340.84
-72.72044 -37.6799 342.85
-72.55936 -36.67604 333.24
-72.78974 -36.77646 353.96
-72.41644 -37.59026 347.49
-72.54646 -36.78806 356.3
-72.73136 -37.43562 333.63
-72.24294 -37.60375 342.63
-72.41618 -37.63596 346.89
-72.40825 -37.62727 356.11
-72.7225 -37.44498 351.51
-72.40152 -37.59509 345.8
-72.4549 -38.11256 346.27
-72.34908 -37.8674 355.85
-72.37347 -37.75222 353.79
-72.69253 -37.86967 346.19
-72.37038 -37.73707 347.15
-72.57503 -36.66549 343.66
-72.47546 -36.53953 345.66
-72.72522 -37.69692 335.47
-72.55151 -36.80609 349.12
-72.72138 -37.45121 352.65
-72.73154 -37.67607 344.49
-72.17834 -37.93446 352.69
-72.7821 -37.56431 351
-72.79488 -38.04413 351.1
-72.92198 -38.13855 352.91
-72.78852 -38.02927 349.99
-72.76673 -37.62164 348.83
-72.73078 -37.67945 347.97
-72.08191 -37.97691 355.15
-72.54932 -36.79539 356.14
-72.54129 -36.79079 352.46
-72.15232 -37.06739 342.52
-72.54493 -36.79477 346.57
-72.54568 -36.79142 355.9
-72.44256 -37.65551 333.04
-72.57866 -36.64869 354.89
-72.19404 -37.89751 344.51
-72.5295 -36.88606 349.01
-72.72242 -37.41531 331.63
-72.53317 -36.86927 353.29
-72.56464 -36.67093 352.03
-72.5842 -37.15641 348.22
-72.37422 -37.74886 353.15
-72.52438 -36.84561 333.36
-72.8047 -38.02096 347.96
-72.72575 -37.41002 354.55
-72.12444 -37.96836 350.65
-72.09745 -38.15699 352.1
-72.18027 -36.55343 351.35
-72.53242 -36.87263 348.34
-72.79369 -37.51358 344.97
-72.74503 -37.45102 353.25
-72.78078 -37.50831 346.59
-72.52801 -36.872 349.13
-72.72585 -37.45182 353.69
-72.53601 -38.06093 354.13
-72.52725 -36.87535 348.42
-72.79417 -38.04753 353.26
-72.92313 -38.13784 353.73
-73.00761 -38.3523 347.74
-72.38023 -37.74276 349.88
-72.42343 -38.1708 352.39
-72.1709 -37.92648 349.66
-72.7207 -37.45459 351.07
-72.72776 -37.69647 346.99
-72.12973 -37.96565 349.53
-73.10571 -37.23532 347.41
-72.76833 -37.63582 351.56
-72.51374 -36.83817 331.14
-72.55775 -36.66772 333.2
-72.15282 -37.10541 346.94
-72.55222 -36.80272 353.86
-72.21037 -37.21854 348.16
-73.07681 -37.2384 355.04
-72.54622 -36.78365 350.76
-72.41615 -37.65677 351.32
-72.73003 -37.68633 353.38
-72.72697 -37.67544 355.09
-72.09969 -37.99598 354.12
-72.13177 -37.97633 350.69
-72.41764 -37.65004 347.44
-72.46667 -38.12462 349.56
-72.08312 -37.98669 354.01
-72.56236 -36.68098 352.64
-72.43782 -37.70494 347.64
-72.74043 -37.45038 354.92
-72.57796 -36.65206 352.06
-72.35436 -37.88549 345.85
-72.77393 -37.60868 353.09
-72.19481 -37.89416 353.33
-72.72695 -37.44033 343.09
-72.21494 -37.56514 351.95
-72.45745 -36.88269 355.65
-72.1697 -37.25759 350.66
-72.80396 -36.68053 351.77
-73.07935 -37.22475 350.78
-72.73152 -37.67955 351.6
-72.92242 -38.14126 351.78
-72.43813 -37.61761 354.42
-72.58167 -36.63528 354.4
-72.56823 -38.0445 354.42
-72.55933 -36.68168 352.84
-72.76111 -37.60371 335.4
-72.92736 -38.13577 354.39
-72.29246 -38.04416 352.96
-72.82684 -36.65942 351.09
-72.8261 -36.66279 352.3
-72.72543 -37.43976 332.05
-72.55372 -36.79601 354.84
-72.72195 -37.43656 347.55
-72.29697 -38.0448 355.02
-72.55297 -36.79937 352.34
-72.71817 -37.69288 348.85
-72.54857 -36.79875 353.03
-72.79315 -38.0299 354.86
-72.73208 -37.4186 333.34
-72.82757 -36.65605 352.8
-72.53393 -36.86592 355.54
-72.72118 -37.68407 341.09
-72.73284 -37.42276 333.25
-72.71859 -37.69709 341.71
-72.73393 -37.42689 333.27
-72.71767 -37.68868 334.54
