-73.12575 -38.40513 367
-72.74585 -37.64133 367
-72.74597 -37.64219 367
-72.45662 -37.75024 367
-72.87302 -36.53071 367
-72.37776 -37.78868 367
-73.09099 -37.09513 367
-72.56152 -36.66594 367
-72.28442 -38.04567 367
-72.79992 -37.48257 367
-72.19464 -37.92589 367
-72.86946 -36.53381 367
-72.28382 -38.06574 367
-72.26563 -37.89051 367
-72.53515 -36.77542 367
-72.49382 -38.12637 367
-72.49084 -38.14092 367
-72.18488 -37.78011 367
-72.46081 -37.73833 367
-72.20786 -37.23007 367
-72.56131 -36.66612 367
-72.67363 -37.73868 367
-72.15176 -37.73327 367
-72.57441 -36.77722 367
-72.19277 -37.9272 367
-72.38287 -37.7943 367
-72.19721 -37.22045 367
-72.11368 -38.00672 367
-73.04369 -38.43033 367
-72.23954 -37.58678 367
-72.28366 -38.05853 367
-72.45142 -37.75282 367
-72.2925 -38.10344 367
-72.19769 -37.20613 367
-72.43786 -37.76591 367
-72.18472 -37.92665 367
-72.44891 -37.72247 367
-72.17696 -37.92573 367
-72.286 -38.0601 367
-72.57087 -38.1235 367
-72.19703 -37.22761 367
-72.44258 -37.77456 367
-72.71101 -37.48627 367
-73.06766 -38.07687 367
-72.30695 -38.04174 367
-72.17311 -38.44584 367
-72.1878 -37.25611 367
-73.13065 -38.35233 367
-73.06894 -38.36075 367
-72.6935 -38.45101 367
-72.45095 -37.74556 367
-72.19907 -37.23 367
-72.76638 -38.27547 367
-72.69851 -38.4656 367
-72.19926 -37.22284 367
-72.67125 -38.49399 367
-72.78526 -38.25871 367
-72.44232 -37.7673 367
-72.27398 -38.03897 367
-72.6757 -38.49498 367
-72.0103 -37.50249 367
-72.49892 -36.9986 367
-72.45417 -37.74227 367
-73.12127 -38.40753 367
-72.94305 -38.1916 367
-72.28438 -38.05288 367
-72.48728 -38.11951 367
-72.56478 -37.18077 367
-72.27281 -38.05728 367
-72.66083 -37.58067 367
-72.94535 -38.20102 367
-72.44283 -37.76731 367
-72.23685 -37.60613 367
-72.68635 -37.73459 367
-72.5677 -37.1721 367
-72.90454 -38.38673 367
-72.23852 -37.60919 367
-72.44131 -37.7716 367
-72.45269 -37.74656 367
-72.10405 -38.01939 367
-72.18708 -37.25474 367
-72.21118 -37.22528 367
-72.20964 -37.22967 367
-72.2003 -37.22279 367
-72.10719 -38.0184 367
-72.65831 -37.5807 367
-72.20576 -37.22404 367
-72.10875 -38.01407 367
-72.66453 -37.55393 367
-72.6811 -37.73341 367
-72.56343 -37.18512 367
-72.57019 -38.11546 367
-72.27178 -38.02919 367
-72.17461 -37.92438 367
-72.10567 -38.01508 367
-72.1765 -37.92012 367
-72.01973 -37.47604 367
-72.45921 -37.7434 367
-72.85441 -37.18161 330.35
-72.33817 -38.00118 330.24
-72.53348 -36.7635 330.07
-72.16182 -38.16558 331.02
-72.62345 -37.65054 330.3
-72.62708 -37.63803 331.7
-72.5128 -36.72581 330.69
-73.08518 -38.32417 329.96
-72.44927 -37.67891 331.07
-72.69051 -37.70715 331.91
-73.07316 -38.02023 331.45
-73.1307 -38.36998 333.84
-72.50368 -38.11864 330.73
-72.63065 -37.64343 334.69
-72.98832 -38.37399 335.24
-72.16932 -37.7326 332.72
-72.99225 -38.3793 331.85
-72.7709 -38.25106 332.77
-72.86227 -37.4417 334.86
-72.17027 -37.92669 332.72
-73.05848 -38.04815 333.45
-72.1295 -37.94544 332.57
-72.50813 -36.89929 335.15
-72.23469 -37.59637 333.22
-72.1659 -37.0755 333.31
-72.89246 -38.3618 337.42
-72.27247 -37.89045 334.07
-72.63271 -37.64325 336.75
-72.49873 -36.99119 334.11
-72.23938 -37.59056 337.15
-72.44698 -37.75148 336.82
-72.41279 -37.71442 337.62
-72.11536 -38.0032 337.98
-72.50188 -36.98987 334.06
-72.49333 -36.92415 334.19
-73.06064 -38.40753 334.39
-72.49488 -36.9198 337.08
-72.36909 -38.05569 336.47
-72.30743 -38.11095 340.6
-72.7496 -37.64264 339.33
-72.94714 -38.2005 299.31
-73.06013 -38.41183 308.81
-72.27508 -38.04322 340.89
-72.70241 -37.69706 338
-72.45448 -37.72382 338.04
-73.08964 -38.31188 308.29
-72.01893 -37.49494 340.67
-72.79233 -38.26925 339.84
-72.57158 -37.2242 340.9
-72.55499 -38.06519 301.25
-73.06691 -38.39565 307.42
-72.18249 -37.25674 343.97
-73.07688 -38.40666 345.1
-72.66421 -37.74334 343.24
-72.74162 -37.64998 344.73
-72.29124 -38.03821 308.2
-72.271 -38.04759 341.81
-72.28242 -38.0513 355.83
-72.55167 -37.18713 341.76
-72.23394 -37.5893 345.72
-72.49742 -38.14014 315.78
-72.26955 -38.0194 347.11
-73.06649 -38.39997 319.57
-72.20094 -37.20393 349.06
-72.44786 -37.76845 308.45
-72.24238 -37.60737 314.97
-72.18404 -37.25234 349.79
-72.83305 -38.06131 367
-72.68525 -37.73888 367
-72.46417 -37.7445 367
-72.74871 -37.62873 367
-72.56854 -38.11387 367
-72.2785 -38.02606 367
-72.46571 -37.74022 367
-72.23616 -37.59188 367
-72.68099 -37.73873 367
-72.29016 -38.05652 351.04
-72.44923 -37.72263 367
-72.67934 -37.73138 367
-72.68311 -37.72929 367
-73.06827 -38.31608 367
-72.66164 -37.56248 367
-72.2393 -37.58319 367
-72.2754 -38.05723 367
-72.45768 -37.74768 367
-73.58353 -37.38394 367
-72.49878 -38.11753 367
-72.46716 -37.73592 367
-72.94253 -38.19947 367
-72.6742 -38.49915 367
-72.17706 -37.92356 367
-73.08508 -38.31089 367
-73.57914 -37.38299 367
-72.55827 -37.18396 367
-72.44473 -37.77701 367
-72.55959 -37.1796 367
-73.12744 -38.40881 301.3
-72.77148 -38.24675 295.64
-73.04482 -38.36536 295.79
-73.11945 -38.40581 307.21
-72.88447 -36.53039 299.62
-72.31972 -38.11595 301.91
-73.03751 -38.36548 296.19
-72.37585 -38.04876 296.21
-72.88026 -36.53648 309.75
-72.56544 -36.66202 295.92
-72.8777 -36.53204 300.35
-72.77177 -38.25262 300.64
-73.13231 -38.04382 299.02
-73.05529 -38.33909 302.33
-72.31964 -38.10885 320.97
-72.41259 -37.72075 297.6
-72.57605 -36.65454 301.63
-72.5619 -36.65495 305.83
-73.05479 -38.33772 320.6
-72.83337 -38.06007 300.85
-72.89802 -38.33994 309.05
-73.04876 -38.35416 297.18
-73.10228 -38.34757 308.25
-72.54412 -36.69672 299.04
-72.46247 -37.75539 306.2
-72.55332 -36.6621 297.08
-72.83636 -38.04551 310.53
-72.54305 -36.69203 298.12
-73.06643 -38.31684 313.93
-72.55924 -36.66348 300.49
-73.07201 -38.35834 301.91
-73.07081 -38.35503 308.86
-72.56954 -36.65609 317.65
-72.55501 -36.76574 299.47
-73.00697 -37.92572 297.83
-72.6925 -38.45912 297.47
-73.05885 -38.11755 305.11
-72.54089 -36.70483 297.66
-73.06734 -38.39868 304.03
-72.54176 -36.69727 314.73
-72.94622 -38.1951 297.7
-72.7907 -38.25932 319.36
-72.79076 -38.2603 298.19
-73.07252 -38.35952 307.33
-73.05623 -38.33773 326.06
-73.06042 -38.1243 309.29
-72.67994 -38.50518 314.94
-72.45452 -37.65973 302.57
-72.20184 -37.22009 302.86
-73.00906 -37.92573 297.95
-72.24545 -37.59492 305.09
-72.4463 -37.6669 306.1
-73.04939 -38.35518 300.85
-72.53838 -36.77461 306.03
-72.79633 -38.30352 300.38
-72.47913 -36.55172 297.5
-72.37204 -38.05438 298.41
-72.53011 -36.77953 299.14
-72.5489 -36.76719 314.59
-72.90459 -38.38441 297.82
-73.12631 -38.39927 300.27
-73.06195 -37.25131 301.96
-73.08113 -37.2718 305.25
-72.41212 -37.71369 297.84
-72.99356 -38.35965 308.64
-73.06778 -37.24989 302.25
-72.78999 -38.25238 311.33
-73.07615 -38.07598 310.5
-72.47624 -36.56229 298.22
-72.90604 -38.38892 302.19
-72.69629 -38.45343 297.24
-73.04366 -37.0835 301.2
-72.55703 -36.65905 301.07
-73.08626 -37.27054 297.7
-72.7017 -37.70315 306.65
-73.05865 -37.27747 302.06
-73.07855 -38.39599 298.65
-72.25549 -37.60863 301.77
-72.73058 -37.66067 298.92
-72.81863 -38.06731 305.83
-72.47451 -36.55776 306.21
-73.01292 -38.35925 298.72
-73.10131 -37.13523 326.85
-72.19289 -37.7864 297.31
-72.93898 -38.24355 305.79
-72.54455 -36.76526 311.81
-72.53619 -36.70253 297.98
-73.06002 -37.26687 299.33
-73.07988 -37.27016 297.39
-73.05859 -37.26219 297.79
-73.07127 -37.27036 299.92
-72.75314 -37.64121 317.73
-72.09896 -38.0203 304.78
-72.17979 -38.44582 309.9
-73.05513 -37.22202 297.43
-72.19172 -37.77936 301.42
-73.06354 -38.35548 321.74
-73.08379 -38.02036 312.9
-73.05817 -38.11899 324.04
-72.78878 -38.27146 298.24
-72.6329 -37.63757 304.61
-72.20794 -37.90446 316.59
-73.07076 -37.27934 303.52
-73.06103 -37.25692 303.46
-72.53957 -36.7002 315.39
-73.06992 -37.25439 319.11
-72.67287 -37.73314 305.84
-72.53786 -36.69071 311.17
-72.95093 -38.19892 302.19
-72.54272 -36.76865 318.85
-73.07993 -38.02108 314.24
-72.78118 -38.25353 310.07
-73.05728 -38.357 307.49
-72.52357 -36.71393 303.28
-73.05194 -38.35947 299.91
-72.86082 -38.39958 298.98
-72.53638 -36.77015 316.3
-72.89172 -38.40184 299.24
-72.33345 -38.0633 302.62
-72.16476 -37.80462 308.61
-72.98764 -38.27695 303.63
-72.44118 -37.66204 305.49
-72.37034 -38.05003 314.95
-72.0983 -38.0191 314.24
-72.17538 -38.44611 298.3
-72.84434 -38.38888 303.53
-73.0466 -38.13659 307.53
-72.77197 -38.25611 303.64
-72.88818 -38.3931 316.85
-72.12227 -37.98687 311.33
-73.07806 -38.01488 301.33
-72.98439 -38.26916 308.05
-72.69605 -37.70481 304.57
-73.04573 -38.13852 320.62
-72.32789 -38.06458 304.01
-72.55532 -37.18555 303.76
-73.00487 -38.37458 303.52
-72.10432 -38.01908 320.98
-72.07236 -38.04389 298.53
-72.53816 -36.70304 307.66
-73.05786 -38.35807 309.07
-72.19881 -37.92209 303.49
-72.17706 -37.24599 298.86
-72.32229 -38.06587 301.73
-72.24919 -37.57672 304.5
-73.07894 -38.40079 305.3
-73.06481 -37.27733 313.5
-73.07794 -37.16113 314.93
-72.53737 -36.6983 302.39
-72.10366 -38.01784 321.01
-72.73436 -37.65623 300.52
-73.08335 -37.15981 314.37
-72.40125 -37.74893 307.05
-72.17854 -37.91739 299.14
-72.97976 -38.24582 305.2
-73.03873 -37.21589 299.06
-72.51868 -36.71511 301.58
-72.24474 -37.59684 298.29
-72.1295 -37.09243 301.14
-72.52852 -36.72263 316.46
-72.17819 -37.79201 298.39
-72.19637 -37.8917 303.5
-72.99319 -38.35866 301.4
-72.80804 -37.36522 329.73
-72.19917 -37.89367 298.79
-72.78037 -37.38884 318.99
-72.83226 -38.05823 308.19
-73.07149 -38.02121 328.67
-72.866 -37.18602 299.12
-72.21474 -37.89222 316.95
-73.07564 -38.06736 300.25
-72.90682 -38.3256 298.57
-72.48717 -36.97452 299.51
-72.24683 -37.58681 301.97
-72.78981 -38.25672 337.23
-72.19482 -37.88734 301.38
-72.52682 -36.70457 298.63
-72.77591 -37.51077 304.09
-72.67433 -37.72776 302.45
-72.24627 -37.60125 304.14
-72.5827 -37.18885 300.33
-72.1805 -37.92165 304.74
-72.76792 -38.2619 298.82
-72.81619 -37.22939 300.32
-72.74691 -37.60435 311.72
-72.89419 -38.39154 319.46
-72.75334 -37.53787 298.9
-72.50186 -36.72902 312.97
-72.55151 -37.19135 301.77
-72.88981 -38.23787 299.61
-72.74403 -37.64907 307.53
-72.10423 -38.1711 311.99
-72.45866 -37.75457 317.02
-72.78215 -37.50929 324.59
-72.66699 -37.74895 313.71
-72.70537 -37.49313 307.63
-72.72434 -37.66346 305.21
-72.38878 -38.01723 300.74
-72.6614 -37.75027 299.02
-72.44469 -37.78187 306.01
-72.78641 -37.50337 305.62
-72.82214 -38.06548 321.96
-72.1602 -37.74665 305.24
-73.00481 -37.92379 315.83
-72.2431 -37.59245 307.38
-72.71215 -37.4768 299.73
-72.75374 -37.52398 303.07
-73.0742 -37.26844 302.02
-73.07941 -38.01702 313.42
-73.08152 -38.02394 310.6
-72.74416 -37.64761 312.45
-72.36103 -38.05693 306.06
-73.04018 -38.36224 343.51
-72.82055 -37.22338 314.71
-72.1937 -37.89495 299.9
-72.78425 -37.49895 300.23
-72.47967 -36.97141 303.92
-72.72018 -37.66806 308.18
-72.69621 -37.70795 309.38
-72.25372 -37.60427 325.65
-73.06319 -37.27615 319.3
-72.86877 -37.17689 311.9
-72.1738 -37.76714 303.04
-72.93555 -38.19282 303.83
-72.75491 -37.57793 300.15
-72.66359 -37.56066 310.27
-72.17647 -37.78769 303.04
-72.41396 -37.71712 328.82
-72.86199 -38.40408 312.59
-72.74653 -37.63871 321.88
-72.46384 -36.88354 304.3
-72.89631 -37.40784 299.6
-72.18629 -37.9203 301.1
-72.99124 -37.11624 305.11
-72.74925 -37.62828 306.67
-72.78609 -37.38748 307.1
-72.41274 -37.71671 328.31
-72.52993 -36.70003 306.1
-72.80828 -37.36244 322.29
-72.72864 -37.90818 305.09
-72.45014 -37.71763 302.62
-72.77789 -37.52819 306.13
-72.99803 -38.35669 324.43
-72.82636 -38.05962 320.71
-72.76964 -37.51224 299.52
-72.77487 -37.53876 302.77
-72.21795 -37.89398 329.15
-73.07351 -38.40699 302.11
-72.78048 -37.49 300.34
-72.77175 -37.51666 309.69
-72.45123 -37.71785 306.24
-72.99548 -37.1102 321.61
-73.00297 -38.37323 331.64
-72.70707 -37.49762 299.34
-72.81623 -37.4149 307.9
-72.44276 -37.77752 309.73
-72.78757 -37.49324 303.58
-72.45737 -37.75127 319.13
-72.77398 -37.54069 309.94
-72.78144 -38.24903 322.89
-72.18588 -37.25349 299.66
-72.76619 -37.53102 306.81
-72.99837 -38.35744 330.4
-72.85661 -38.40534 327.79
-72.58858 -37.18746 301.83
-72.17477 -37.25611 308.78
-72.52096 -36.7195 321.58
-72.09868 -38.00165 308.5
-72.42545 -37.78158 300.13
-72.18745 -37.78764 301.05
-72.45316 -37.72653 299.88
-72.76776 -37.53556 301.4
-72.86486 -37.18282 323.92
-73.00392 -38.37077 329.5
-72.79912 -37.4905 305.86
-72.84065 -38.0465 339.42
-72.63739 -37.64003 308.78
-72.9948 -38.36235 315.39
-72.77691 -37.53019 315.58
-72.18613 -37.78067 302.06
-72.74497 -37.63418 310.31
-73.04964 -38.43224 302.93
-72.71469 -37.486 321.3
-72.24252 -37.60688 306.8
-72.78552 -37.4888 332.7
-73.03843 -38.44955 309.05
-72.98099 -37.351 310.33
-72.20294 -37.90224 314.73
-72.19751 -37.91768 315.69
-72.50401 -38.12544 306.92
-72.56904 -37.18719 330.66
-72.71812 -37.66491 314.8
-72.85136 -38.40657 321.44
-72.76762 -37.52254 322.34
-72.76775 -37.50777 299.82
-73.00629 -37.09251 332.04
-73.01012 -37.10165 318.63
-72.75927 -37.53433 307.88
-72.18182 -37.78893 313.15
-72.76118 -37.53879 304.59
-72.12915 -37.94303 310.94
-72.76357 -37.54149 302.53
-72.73563 -37.63987 303.96
-72.70789 -37.48272 323.37
-73.07967 -38.01944 334.33
-72.72166 -37.48925 303.42
-72.76305 -37.5138 304.87
-72.16399 -37.74104 312.79
-72.10192 -38.01356 300.09
-72.73141 -37.48202 305.73
-72.72861 -37.65758 321.68
-72.72694 -37.65308 300.58
-72.76937 -37.52705 339.98
-72.99935 -37.10424 336.21
-72.77048 -37.54473 311.16
-72.19358 -37.92331 328.54
-72.76819 -37.54205 309.08
-72.87033 -37.43892 306.27
-72.66316 -37.74014 319.96
-72.72687 -37.90374 319.38
-72.73402 -37.46667 323.21
-72.88041 -37.43153 311.33
-72.45308 -37.74146 308.87
-72.53186 -36.70206 322.93
-72.1754 -37.2416 304.12
-72.18773 -37.78503 312.38
-72.44863 -37.77614 330.62
-72.7327 -37.65173 322.24
-72.45086 -37.76601 316.93
-72.18584 -37.78328 307.3
-72.75151 -37.52965 305.07
-72.19202 -37.91896 303.8
-72.84503 -37.17107 319.04
-72.5733 -37.18128 316.5
-72.73817 -37.6309 318.7
-72.24146 -37.58807 337.91
-72.69074 -38.45475 342
-72.72376 -37.47403 317.92
-72.88178 -37.43615 338.12
-72.46259 -37.74883 342.09
-72.75362 -37.53406 302.47
-73.07967 -38.4104 323
-72.69884 -37.66454 306.06
-72.4509 -37.75159 312.29
-72.72723 -37.65169 312.8
-72.75583 -37.52369 308.29
-72.78828 -38.25224 340.74
-72.43894 -37.78321 310.62
-72.77099 -37.53157 324.85
-72.16431 -37.24421 302.55
-72.83479 -38.04789 329.44
-72.76547 -37.51814 313.51
-72.75072 -37.58384 308
-72.17639 -37.26051 310.72
-72.84613 -37.17243 318.8
-73.00636 -37.10758 340.88
-72.74544 -37.53757 305.3
-72.73948 -37.63548 307.47
-72.7059 -37.66776 301.23
-72.81198 -38.07272 320.42
-72.74639 -37.5358 304.74
-72.72583 -37.64714 301.99
-72.72298 -37.63936 301.59
-72.7549 -37.52554 318.77
-72.99115 -38.36813 316.91
-72.70547 -37.70087 302.15
-72.70522 -37.69767 320.91
-72.4517 -37.72207 321.52
-72.69682 -37.67367 303.29
-72.71923 -37.48002 324.34
-72.71082 -37.49183 325.7
-72.72416 -37.64397 302
-72.6882 -37.70499 311.38
-72.70476 -37.66199 308.05
-72.71796 -37.47541 335.78
-72.56498 -37.19305 336.56
-72.7412 -37.52876 305
-73.00304 -37.09832 340.15
-72.72865 -37.63803 306.68
-72.67832 -37.71221 305.93
-72.69913 -37.66335 305.22
-72.76023 -37.53246 322.7
-72.70443 -37.66323 310.71
-72.90369 -38.4281 334.93
-73.03926 -38.43471 302.31
-72.74329 -37.53316 302.26
-72.24799 -37.60561 325.61
-73.12505 -38.04061 339.39
-72.71184 -37.66637 318.22
-72.65824 -37.59612 307.02
-72.86229 -37.17846 331.59
-72.67408 -38.50655 338.07
-72.78147 -38.26836 345.05
-72.87614 -37.43751 335.73
-72.72455 -37.64255 305.99
-72.66845 -37.73888 330.12
-72.72586 -37.48334 314.71
-72.13117 -37.94727 326.94
-72.74931 -37.52527 330.27
-72.71622 -37.49055 315.99
-72.73833 -37.65041 330.51
-72.73535 -37.64133 313.14
-72.99776 -37.92749 321.12
-72.73294 -37.65031 319.87
-72.77197 -37.52962 337.04
-72.89235 -37.41376 329.9
-73.06962 -38.06881 343.58
-72.68236 -37.68689 302.69
-72.70072 -37.66785 312.62
-73.00467 -37.10296 346.31
-72.72263 -37.65897 318.63
-72.45887 -37.74009 321.23
-72.74818 -37.52711 332.23
-72.8586 -37.18434 323.86
-72.16986 -37.2429 312.22
-72.70341 -37.67697 335.77
-72.23774 -37.59371 338.78
-72.78039 -37.50479 339.54
-72.86051 -36.46281 334.34
-72.74113 -37.63854 333.84
-72.68658 -37.7005 304.33
-73.04436 -38.43349 329.25
-72.70045 -37.66903 319.37
-72.68272 -37.70629 307.53
-72.45178 -37.67398 339.34
-72.68379 -37.69141 304.17
-73.04073 -38.43924 317.94
-72.71367 -37.66962 343.26
-72.69588 -37.69341 302.11
-72.99144 -38.36884 344.71
-72.45285 -37.75594 346.2
-72.76246 -37.5614 324.18
-72.56302 -37.18862 336.75
-72.46062 -37.74449 328.14
-72.85603 -37.17998 340.08
-72.73021 -37.64118 313.68
-72.78278 -38.25355 341.78
-72.71348 -37.48139 349.36
-72.72988 -37.64262 312.81
-72.73122 -37.6472 314.05
-72.68758 -37.68564 305.7
-72.70768 -37.67106 340.93
-72.72043 -37.48464 342
-73.04291 -38.42896 308.68
-72.73148 -37.64577 314.39
-72.87256 -36.52521 332.8
-72.91489 -36.73338 333.5
-72.69196 -37.69921 308.78
-72.67659 -37.73209 349.96
-72.81254 -38.07187 337.87
-72.99849 -38.37205 354.59
-72.73853 -37.64897 341.4
-72.70724 -37.69069 345.05
-72.67876 -37.69262 311.43
-72.74087 -37.64004 341.44
-72.85943 -38.41444 338.44
-73.0739 -38.0208 353.06
-72.75813 -37.52805 345.65
-72.11736 -37.988 343.58
-72.7058 -37.68616 341.76
-72.89142 -36.52086 336.24
-72.70152 -37.69206 317.08
-72.99823 -38.3713 352.36
-72.87444 -36.52638 342.98
-73.07928 -38.40561 335.72
-72.81626 -38.06685 343.46
-72.75719 -37.52991 350.06
-72.56133 -37.18412 345.09
-72.70026 -37.68748 325.02
-72.70216 -37.67239 325.06
-72.83521 -36.65532 333.63
-73.00137 -37.1027 332.04
-72.56733 -37.1827 352.82
-72.97118 -36.95336 332.95
-73.05838 -37.23017 335.11
-72.86549 -36.48256 355.54
-72.87721 -36.54021 347.06
-72.69745 -37.69791 332.82
-73.09532 -37.12511 334.07
-73.06167 -37.23542 334.76
-72.49285 -38.13365 353.56
-73.57466 -37.38202 341.37
-73.00306 -37.09851 332.38
-72.99581 -37.10723 333.01
-73.07152 -37.18325 335.93
-72.08819 -38.0065 339.3
-72.87917 -36.53601 345.89
-72.70307 -37.69656 322.11
-72.73699 -37.64444 345.02
-72.74838 -37.64169 342.95
-72.87121 -36.52956 355.91
-72.81834 -38.07047 353.3
-73.07235 -38.01623 354.09
-72.73674 -37.6459 345.03
-73.07592 -37.22496 332.52
-72.98413 -36.9608 345.97
-73.07236 -37.22632 340.41
-73.09287 -37.12725 340.62
-72.38245 -37.89126 337.07
-72.09381 -38.00354 331.53
-73.09288 -37.15176 338.69
-73.00523 -37.10809 332.89
-73.58477 -37.37982 332
-72.69917 -37.68287 355.22
-72.74232 -37.64458 353.89
-73.09551 -37.11877 340
-73.26369 -38.05798 339.38
-72.81785 -38.07135 356.78
-73.05902 -37.26411 340.96
-73.1013 -37.23283 342.13
-73.05882 -37.2031 338.33
-72.49876 -36.87908 336.32
-73.09423 -37.12302 340.71
-72.76352 -37.56606 353.74
-73.19936 -38.50017 334.24
-73.06264 -37.22414 335.1
-73.09239 -37.2444 331.68
-72.89172 -36.52957 341.01
-72.87614 -36.53068 342.77
-72.17513 -37.91854 342.56
-72.69804 -37.67826 342.75
-72.89444 -36.5209 341.11
-73.07372 -37.17468 346.2
-73.10699 -37.22724 341.9
-72.63446 -36.5767 337.88
-73.05541 -37.25877 340.35
-72.80304 -37.21595 340.28
-72.52587 -36.72595 337.49
-72.81515 -37.21407 333.65
-73.0827 -37.11773 335.65
-72.52937 -36.72454 341.31
-73.00843 -37.10552 339.03
-72.88714 -36.52853 343.06
-72.50366 -38.12642 353.3
-72.57037 -38.11945 337.75
-72.67163 -37.73134 342.08
-72.50278 -38.13371 342.32
-72.48587 -38.12377 332.58
-72.53292 -36.72601 341.44
-73.00498 -37.09438 350.57
-73.06923 -37.28448 336.92
-72.15248 -37.74757 336.83
-72.32887 -38.00112 342.61
-73.5778 -37.38708 330.21
-72.14652 -37.73402 337.34
-72.38369 -37.76535 338.97
-72.11407 -37.98951 344.85
-72.11765 -37.98528 355.29
-72.18639 -37.92582 334.63
-73.10477 -37.23127 339.55
-72.48372 -38.11411 344.17
-72.67001 -37.73885 350.83
-72.78445 -37.50657 332.83
-73.26855 -38.05407 340.22
-73.09711 -37.22507 340.93
-72.78358 -37.5119 335.34
-72.65818 -37.56284 336.72
-72.53177 -36.73183 330.1
-73.10197 -37.22614 342.97
-73.07437 -37.21557 353.39
-72.48213 -38.11834 343.26
-73.09666 -37.12087 351.61
-72.49057 -38.11108 342.76
-72.80122 -36.77708 342.28
-72.26878 -37.88876 338.46
-72.4658 -36.56146 338.58
-72.15051 -37.73686 342.62
-72.15912 -37.73692 331.47
-72.14809 -37.72771 337.19
-72.78794 -37.4982 344.64
-73.05797 -37.2684 340.41
-72.46194 -36.55582 340.66
-72.08829 -38.00461 339.99
-73.58419 -37.20694 341.22
-72.52039 -36.49651 337.09
-72.15519 -37.74128 337.28
-72.39467 -37.84061 339.2
-72.56881 -36.65125 336.83
-72.69067 -36.49023 330.33
-72.131 -37.94677 332.75
-72.38763 -37.76702 341.07
-72.27534 -38.05285 351.61
-72.77381 -37.50969 340.77
-72.68031 -37.72408 343.51
-72.5016 -38.14098 330.62
-72.46638 -37.73713 347.78
-72.26577 -38.01389 340.36
-72.74815 -37.64322 354.79
-72.57072 -36.6611 334.91
-72.78959 -37.39788 334.85
-72.16404 -37.73421 334.79
-72.1911 -37.89534 341.15
-72.53934 -36.78414 333.86
-72.19985 -37.91603 339.4
-72.46935 -36.56703 347.3
-72.54559 -36.77558 337.22
-73.05437 -37.26307 341.6
-72.53578 -36.77344 331.34
-72.12081 -37.9896 335.32
-72.09189 -38.00259 343.76
-72.76218 -37.54368 346.69
-72.38298 -37.78706 339.11
-72.20974 -37.90424 331.46
-72.75844 -37.53827 346.78
-72.70876 -37.48988 342.17
-72.80399 -37.22995 343.49
-73.06471 -37.23367 354.77
-72.68777 -36.49229 330.59
-72.19463 -37.91486 341.32
-72.63821 -36.57511 344.66
-72.54887 -36.76697 340.77
-73.43118 -38.33358 340.95
-72.70946 -37.49052 348.76
-73.07365 -38.01842 347.86
-72.15781 -37.74879 346.77
-72.33378 -38.00658 353.42
-72.24303 -37.58207 337.47
-72.41386 -37.6787 335.9
-72.52908 -36.78367 333.02
-72.80286 -37.36786 341.59
-72.79028 -37.49512 346.39
-72.85242 -37.18575 334.26
-72.19335 -37.78735 330.71
-72.87937 -37.44098 343.27
-73.05969 -38.08401 330.88
-72.5319 -36.72544 340.78
-72.88255 -36.53282 346.92
-72.65929 -37.55276 334.75
-72.18871 -37.92157 330.96
-72.1518 -37.76624 340.09
-73.05679 -38.39344 343.39
-72.18078 -37.78223 341.63
-72.43957 -37.72964 333.56
-72.79209 -37.39752 345.89
-72.66273 -37.56255 349.94
-73.12507 -38.04064 349.47
-72.2158 -37.8953 334.34
-72.52617 -36.72414 337.42
-72.38476 -37.89733 348.37
-72.86363 -37.1837 348.11
-72.85474 -37.18551 331.75
-72.6 -36.54769 344.06
-72.44849 -37.78053 335.45
-72.49575 -36.87974 341.14
-72.19692 -37.91411 356.67
-73.16186 -38.12394 335.42
-72.37342 -38.05209 344.93
-72.18097 -37.25849 348
-72.74255 -37.6431 341.42
-72.53418 -36.77779 338.73
-72.57024 -36.64686 350.86
-72.53608 -36.69336 338.69
-72.3378 -38.0084 337.78
-73.58572 -37.20287 345.88
-72.26766 -37.89595 348.89
-72.46678 -37.75166 333.69
-72.80766 -37.42487 341.16
-72.59189 -36.56214 341.5
-72.63992 -36.57795 338.75
-72.66409 -38.48788 342.66
-72.10341 -38.17087 339.68
-72.5712 -36.77596 330.63
-72.55612 -36.66492 342.54
-72.81287 -37.42604 331.75
-72.45895 -37.67897 341.8
-72.19257 -37.891 332.57
-72.99111 -38.36573 340.21
-73.13178 -38.34818 340.02
-72.8614 -37.1824 341.62
-72.56738 -38.12395 332.31
-72.51719 -36.57804 339.29
-72.85685 -37.18139 332.88
-72.28516 -38.06731 340.72
-72.53786 -36.78332 340.41
-72.42117 -37.71499 340.34
-72.46733 -36.55706 344.06
-72.19528 -37.91841 340.86
-72.77576 -37.55586 351.74
-72.98767 -38.36053 339.3
-72.74237 -37.61357 341.6
-72.10444 -38.02095 355.41
-72.52741 -36.78098 339.34
-72.80808 -37.36901 337.02
-72.99369 -37.92767 341.94
-72.29276 -38.06582 335.45
-72.23482 -37.58919 348.57
-72.19836 -37.92037 339.61
-72.18594 -37.78341 340.8
-72.21445 -37.235 330.88
-72.93446 -38.20311 332.21
-72.27477 -38.02057 337.26
-72.2934 -38.05292 334.89
-72.52308 -36.71872 339.19
-72.44747 -37.75874 330.43
-72.1805 -37.78459 344.03
-72.56566 -38.12236 332.04
-72.29136 -38.05138 351.35
-72.45267 -37.76734 332.64
-73.07388 -38.07378 333.73
-72.72429 -37.59471 337.39
-73.0638 -37.26517 335.9
-73.09737 -38.3582 340.98
-72.74007 -37.6542 339.64
-73.03828 -38.36283 349.12
-72.18574 -37.93026 341.53
-72.8017 -37.22025 351.55
-72.51494 -38.13494 334.43
-72.20592 -37.22056 338.4
-73.05239 -37.27169 345.74
-73.07286 -38.078 335.19
-72.7169 -37.48251 334.24
-72.46332 -36.55138 348.75
-73.06098 -38.40319 342
-72.67696 -37.74162 334.38
-72.18449 -37.78728 355.82
-72.70248 -37.49352 330.5
-72.55028 -38.06413 343.75
-72.76654 -37.57208 348.07
-72.11482 -37.98433 340.27
-72.26656 -38.02802 345.74
-72.70549 -37.48501 337.15
-72.87311 -37.44413 354.67
-72.99277 -38.36166 339.81
-73.06284 -38.39034 353.25
-72.26724 -38.0421 336.52
-72.71804 -37.47817 336.02
-72.93591 -38.19896 331.45
-72.50374 -37.00388 333.62
-72.76199 -37.5665 341.02
-72.18634 -37.92234 343.48
-72.66649 -38.50643 340.71
-72.1345 -37.94659 339.64
-72.21977 -37.89249 341.45
-72.6571 -37.57525 335.95
-72.41245 -37.71492 333.86
-72.5688 -38.11971 354.55
-72.45699 -37.67803 355.35
-72.40883 -37.67634 339.63
-72.52721 -36.7668 346.98
-72.75824 -37.57937 349.64
-73.12395 -38.04483 356.19
-72.68509 -37.52637 337.91
-73.07059 -38.41411 347.86
-72.09841 -37.99937 340.69
-72.40548 -38.15156 354.24
-72.15658 -38.16438 340.43
-72.69199 -37.70842 350.09
-72.38939 -37.75972 341.52
-72.55579 -37.17407 347.33
-72.26806 -38.0237 343.2
-73.07442 -38.313 335.01
-73.06994 -38.06848 341.46
-72.18012 -37.92896 340.95
-72.49355 -38.13469 355.94
-72.40218 -38.00773 333.15
-72.01584 -37.47036 331.22
-72.36633 -38.05318 338.64
-72.75279 -37.57816 336.39
-72.70213 -37.69143 351.57
-72.09648 -38.00657 350.55
-72.69386 -37.70427 342.59
-73.04483 -38.14267 341
-73.0694 -38.3119 344.52
-73.08086 -38.32323 341.59
-72.2057 -37.23489 353.2
-72.10179 -38.17518 355.6
-72.17134 -37.91896 341.75
-72.57527 -38.11661 339.41
-72.26577 -38.04642 342.88
-72.66982 -38.48466 351.6
-72.19716 -37.92477 349.14
-72.66879 -37.5411 340.95
-72.54381 -36.77292 345.77
-72.28156 -37.95234 340.96
-73.06783 -38.39143 349.52
-72.47459 -36.56824 353.73
-72.75957 -37.5751 346.64
-73.07812 -38.02134 355.88
-72.70459 -37.68284 336.62
-72.2477 -37.58689 346.93
-72.71345 -37.47763 342.55
-72.53973 -36.77688 354.24
-72.19155 -37.92351 351.03
-72.38335 -37.89705 338.9
-72.5199 -38.13606 344.67
-72.97119 -38.28605 346.76
-72.44313 -37.78182 353.81
-72.55959 -37.18811 351.27
-72.45894 -37.67846 334.59
-72.18202 -37.92471 352.87
-73.06721 -38.32027 334.46
-72.10975 -38.00194 340.59
-72.27998 -38.02175 343.77
-73.13337 -38.35221 339.83
-72.99407 -38.39743 341.35
-73.0862 -38.30672 346.55
-72.27107 -38.01509 355.03
-72.98067 -38.36343 350.51
-72.78389 -38.2629 342
-72.28617 -37.9494 340.67
-72.09637 -38.00829 338.3
-72.54733 -36.77133 355.62
-72.38663 -37.79598 355.5
-72.00877 -37.47349 335.95
-72.99973 -38.35876 339.58
-72.74467 -37.62324 348.1
-72.48743 -36.98183 350.12
-72.44801 -37.77327 355.27
-72.20611 -37.2134 341.89
-72.46658 -37.74439 351.95
-72.44392 -37.72144 340.35
-72.68716 -37.70732 341.19
-72.80022 -37.22451 354.95
-72.7206 -37.66356 347.7
-72.29966 -38.1092 355.47
-72.09285 -38.01038 350.93
-72.74598 -37.61897 347.47
-72.6843 -37.7387 334.57
-72.20773 -37.23724 336.76
-72.41208 -37.72217 340
-72.70782 -37.49474 350.68
-72.7066 -37.70613 337.6
-72.9372 -38.19478 347.79
-72.56509 -38.1143 343.63
-72.16796 -38.44468 342.16
-72.69369 -38.46454 332.8
-72.49105 -36.98007 340.65
-72.64068 -37.64568 335.98
-72.09878 -38.01821 351.49
-72.49804 -36.98428 340.48
-72.23466 -37.60359 344.48
-72.48193 -36.97332 349.44
-72.39449 -37.83978 341.17
-72.28828 -37.94923 344.55
-72.57142 -37.1776 340.24
-72.12765 -37.94971 336
-72.44231 -37.76004 339.08
-72.67279 -37.72696 355.03
-72.38412 -37.75851 356.2
-72.29862 -38.06305 343.76
-72.7115 -37.48131 353.11
-72.90814 -38.39198 333.3
-72.52218 -36.7798 345.93
-72.43833 -37.78042 338.62
-73.06593 -38.40868 336.04
-72.15506 -38.16869 344.19
-72.57391 -38.12087 341.67
-73.06884 -38.07268 342.72
-73.07182 -38.40114 338.73
-72.38705 -37.78874 353.89
-73.06009 -37.25981 342.71
-72.69913 -37.50196 336.67
-72.33086 -38.00542 341.28
-73.10278 -38.3594 352.41
-73.26962 -38.05489 339.09
-72.70006 -38.46145 348.38
-72.57938 -36.77608 354.41
-72.20578 -37.22772 350.36
-72.63023 -37.63589 339.39
-72.54221 -36.77018 354.9
-72.39607 -37.83551 341.63
-72.29498 -38.06014 351.98
-73.13554 -38.38864 345.96
-72.66959 -37.74454 346.58
-72.76223 -38.27003 342.38
-72.54231 -36.77729 335.81
-72.51328 -37.00659 338.52
-72.44975 -37.77815 340.72
-72.43797 -37.77316 345.25
-72.1939 -37.92278 354.6
-72.29066 -38.10909 348.33
-72.5589 -36.66315 354
-72.70089 -37.49776 342.72
-72.5602 -37.19372 341.94
-72.53722 -36.77612 356.23
-72.48573 -36.97887 348.84
-72.93736 -38.24297 344.77
-71.98921 -36.98137 341.86
-72.11189 -37.99304 337.47
-73.05549 -38.40641 354.15
-72.38787 -37.76402 340.96
-72.69044 -38.45933 351.88
-73.05049 -38.40532 344.9
-72.10856 -38.00636 340.69
-72.26983 -38.042 347
-72.30146 -38.10349 332.57
-72.63243 -37.63593 348
-72.89958 -38.40346 341.89
-72.12897 -37.09568 337.78
-72.89964 -38.38566 341.56
-72.89485 -38.40617 339.68
-73.12622 -38.35136 332.04
-72.4468 -37.74422 341.01
-72.18723 -37.92591 356.5
-72.7446 -37.64151 349.56
-72.71487 -37.49174 344.35
-73.07002 -38.37425 355.35
-72.52763 -36.90848 342.15
-72.70332 -37.70641 354.81
-72.65977 -37.57644 352.23
-72.38483 -37.89275 349.09
-72.45055 -37.7183 349.58
-73.07327 -38.31716 340.8
-72.17377 -37.91812 350.61
-72.19792 -37.21273 337.07
-72.97241 -38.28187 355.67
-73.08379 -38.31503 344.28
-72.59187 -37.21479 342.15
-72.90227 -38.39515 346.5
-72.19742 -37.21329 351.23
-72.63042 -37.6432 339.17
-72.1697 -37.0477 333.75
-72.45276 -37.76958 339.5
-72.25285 -37.60973 340.29
-72.94409 -38.18736 338.62
-72.06863 -38.04708 335.94
-72.65377 -37.59347 342.71
-72.43666 -37.78444 341.21
-73.03703 -38.36699 348.46
-73.07211 -38.32133 335.25
-72.58526 -37.15278 340.97
-72.63375 -37.63494 350.74
-72.66701 -38.49304 352.41
-72.18996 -37.78471 351.7
-72.53927 -36.77893 355.31
-72.6655 -38.4972 342.11
-72.76337 -38.27638 354.28
-72.23306 -37.60793 342.3
-72.68702 -38.45408 341.99
-72.66828 -37.55937 342.68
-72.6753 -37.72295 344.86
-72.40989 -37.72306 339.36
-72.71641 -37.4875 342.92
-72.71418 -37.49108 348.92
-72.77155 -38.27664 338.27
-72.93647 -38.20259 345.83
-73.12886 -38.35123 347.93
-73.07343 -38.36173 351.65
-72.77882 -38.2438 339.6
-72.09707 -37.7915 342.42
-72.63066 -37.65053 347.89
-72.9996 -37.9245 349.35
-72.32864 -37.99565 348.2
-72.63416 -37.64882 346.3
-72.6817 -38.49183 349.52
-72.10393 -37.78833 350.62
-72.74734 -37.63299 346.48
-72.49794 -36.94402 336.69
-72.69788 -37.68592 343.49
-72.8317 -38.06551 352.42
-72.68198 -38.50539 338.64
-72.45132 -37.77388 342.05
-72.28678 -37.95354 347.48
-72.57227 -38.11925 352.97
-72.52613 -36.91283 340.88
-72.5891 -37.19091 338.78
-72.12328 -37.06086 337.16
-72.93785 -38.19843 344.69
-72.76904 -38.24165 344.45
-72.29267 -38.05861 353.43
-72.4951 -36.99301 342.75
-72.46349 -37.73046 343.81
-72.29705 -38.1086 339.49
-72.67265 -38.4898 355.12
-73.06126 -38.39883 349.89
-72.62913 -37.64769 348.07
-72.56491 -37.18713 353.04
-72.40556 -36.92773 343.74
-72.35313 -38.13978 341.7
-72.37957 -37.89155 341.88
-72.90852 -38.19748 337.49
-72.78539 -38.24075 347.36
-72.45563 -37.73796 347.64
-72.2875 -38.03273 348.96
-73.13785 -38.38475 336.91
-72.58759 -37.19522 342.81
-72.66741 -37.54538 344.78
-72.41267 -37.68186 341.79
-72.86253 -38.40787 342.64
-72.9925 -38.40151 336.22
-72.77741 -38.24799 343.11
-72.93906 -38.19422 356.7
-73.06616 -38.40432 348.58
-72.54026 -37.98762 339.48
-72.7924 -38.30379 342.79
-72.53987 -36.70367 351.92
-72.45664 -37.75157 354.88
-72.90101 -38.39932 342.58
-72.70732 -37.69258 352.47
-72.39161 -37.76952 338.88
-73.10471 -38.35542 356.43
-72.76439 -38.27211 352.86
-72.33981 -38.01208 345.52
-73.26801 -38.05893 339.4
-72.40611 -37.71756 343.52
-72.67413 -38.48563 348.2
-72.9946 -37.92339 354.75
-72.8851 -38.36909 344.62
-72.7485 -37.59092 347.32
-72.93942 -38.20419 352.21
-72.49489 -38.13041 355.17
-72.33233 -38.00113 340.88
-72.24329 -37.58879 351.13
-72.90187 -38.2217 346.7
-72.28886 -37.96333 341.67
-72.88749 -38.3607 344.99
-72.56712 -38.11811 347.76
-72.69194 -38.45516 338.58
-72.46073 -37.73911 351.99
-72.67712 -38.4908 354.11
-72.33382 -37.99682 349.99
-72.4478 -37.766 342.88
-72.50407 -36.99238 353.97
-72.84561 -38.05506 342.35
-72.49238 -38.139 349.96
-72.67364 -37.73631 348.46
-72.49619 -38.12612 350.78
-72.94199 -38.19583 355.7
-72.02752 -37.48738 343.45
-72.277 -38.03037 342.03
-72.5406 -36.69912 348.42
-72.13254 -37.95083 339.27
-72.2725 -38.04328 343.67
-72.34126 -38.00778 343.86
-72.98322 -38.37288 342.63
-72.25077 -37.60732 352.57
-73.13236 -38.35639 343.76
-72.90075 -38.22592 345.63
-72.71572 -37.48683 351.56
-72.90578 -38.19571 354.96
-72.57284 -37.17327 339.37
-72.84422 -38.05925 337.09
-72.78659 -38.25451 353.94
-73.09932 -38.35423 354.02
-72.24004 -37.59745 337.98
-72.44582 -37.75872 344.2
-72.52551 -36.77813 349.85
-72.29193 -38.05228 342.45
-72.10049 -37.78991 352.28
-72.37583 -38.05258 341.75
-72.33456 -38.0109 338.01
-72.59269 -37.16379 349.77
-72.46217 -37.7348 343.48
-72.66596 -37.54966 349.96
-72.7868 -38.23657 353.1
-72.243 -37.58926 340.25
-72.90932 -38.38778 337
-73.1158 -38.41074 342.49
-72.69682 -38.45624 352.65
-72.50636 -37.00228 344.52
-72.77386 -38.24271 354.67
-72.84074 -38.05399 345.42
-72.94376 -38.19527 345.32
-72.63219 -37.63918 351.57
-72.27791 -38.05842 343.96
-73.07242 -38.36594 354.66
-72.69864 -37.70535 346.98
-72.50269 -37.00416 345.35
-73.12685 -38.40404 333.38
-72.28824 -38.04682 353.32
-72.76772 -37.56778 348.11
-72.49727 -36.99555 352.99
-72.76748 -38.2458 343.59
-72.7915 -38.25558 341.35
-72.49572 -36.9999 347.87
-72.74318 -37.64576 351.24
-72.27357 -38.04752 348.38
-72.44626 -37.76364 351.94
-72.23241 -37.59365 343.99
-72.28375 -38.02724 355.35
-72.35356 -38.05221 345.32
-72.15509 -37.10645 343.45
-72.27549 -38.03467 345.03
-72.69522 -38.46038 348.49
-72.27776 -38.04446 341.04
-72.38416 -37.79105 350.65
-72.76855 -38.27752 354.07
-73.07648 -38.41098 356.12
-72.50105 -37.00109 351.19
-72.50021 -36.98682 347.51
-72.41135 -37.71874 352.19
-72.26836 -38.04632 347.95
-72.1925 -37.256 341.56
-72.45184 -37.66756 341.93
-72.17957 -37.9255 341.18
-73.1321 -38.36588 340.87
-72.67574 -37.7322 355.41
-73.08044 -38.30988 344.07
-72.40712 -36.92336 350.35
-72.56701 -37.19059 348.67
-72.10353 -38.01286 349.7
-72.83492 -38.05998 350.3
-72.73339 -37.65728 350.93
-72.73642 -37.64881 354.66
-72.36238 -38.0588 344.63
-72.27036 -38.05608 348.46
-72.4382 -37.78015 344.77
-72.44434 -37.76302 345.14
-72.6972 -37.70406 354.96
-72.40755 -37.71324 354.41
-72.93828 -38.19056 344.22
-72.2346 -37.59623 344
-72.28925 -38.05114 355.77
-72.45603 -37.7443 356.26
-72.16399 -37.73137 353.02
-72.44658 -37.66636 341.88
-72.286 -38.03703 352.88
-72.50042 -36.99424 353.78
-72.37067 -38.05143 353.16
-72.88636 -38.36492 347.95
-72.02132 -37.47163 349.88
-72.27624 -38.04876 350.99
-72.18164 -37.25347 343.74
-72.28225 -38.03155 350.69
-72.26873 -38.0378 352.76
-72.69843 -38.4521 347.4
-72.16438 -37.07992 347.66
-72.27879 -38.04872 356.78
-72.34269 -38.00348 341.68
-72.28562 -38.05959 355.13
-72.17208 -37.92242 349.42
-72.49745 -38.12181 356.15
-72.5742 -37.16891 350.13
-72.29333 -38.10311 351.13
-72.45108 -37.75083 345.28
-72.28075 -38.03585 353.62
-72.82758 -38.0466 345.62
-72.28218 -37.96645 351.41
-72.09898 -37.79428 355.91
-72.41415 -37.67756 353.33
-72.19944 -37.20833 352
-72.28032 -38.04442 349.85
-72.28371 -37.96215 352.51
-72.67868 -38.50015 356.18
-72.2845 -38.04134 349.73
-72.24492 -37.58446 351.51
-72.67731 -37.73886 354.44
-72.28146 -38.04993 355.86
-72.17512 -37.9278 347.03
-72.99352 -38.37514 347.35
-72.67159 -37.74041 348.36
-72.79047 -38.24188 354.93
-72.70336 -38.46667 352.47
-73.00481 -38.35988 349.75
-72.97948 -38.36761 354.86
-72.29183 -38.10741 350.34
-72.09081 -38.00703 347.08
-72.28554 -38.04563 348.08
-72.44783 -37.72695 353.13
-72.11395 -38.00757 346.86
-72.67262 -38.5033 351.86
-72.44749 -37.7454 345.69
-72.43976 -37.77588 350.3
-72.283 -38.04564 347.66
-72.27988 -38.05422 352.58
-72.68019 -38.49599 354.88
-72.4539 -37.67731 346.17
-72.33748 -38.00229 353.64
-72.49107 -38.12495 351.05
-72.33604 -38.0066 350.11
-72.27724 -38.05302 355.63
-72.65562 -37.57952 348.6
-73.11676 -38.40655 351.79
-72.20421 -37.22843 354.1
-72.28671 -38.05111 353.16
-72.55501 -37.19255 353.8
-72.20808 -37.23406 349.08
-72.44316 -37.78128 351.47
-72.35509 -38.04793 353.15
-72.28402 -38.04993 356.59
-72.28819 -38.06071 349.5
-73.27237 -38.05989 347.51
-72.82818 -38.06023 351.3
-72.58446 -37.20383 349.69
-72.8398 -38.06108 350.21
-72.55685 -37.1883 350.62
-72.28505 -38.05537 351.86
-72.83933 -38.05818 353.37
-72.82866 -38.06308 352.1
-73.05238 -38.12211 347.52
-72.9057 -38.38253 350.02
-72.28244 -38.05421 354.32
-72.56195 -37.18945 350.84
-72.83794 -38.06238 350.34
-72.26504 -38.03232 347.95
-72.01425 -37.47477 345.3
-72.44631 -37.77274 345.55
-72.83357 -38.06418 349.33
-72.7072 -37.69815 346.33
-72.28974 -38.04251 354.27
-72.56853 -37.18628 355.84
-72.9034 -38.39094 353.16
-72.20337 -37.21399 350.74
-72.77238 -38.24688 353.5
-72.11172 -38.00536 352.75
-73.12032 -38.41173 348.94
-72.66975 -38.49816 348.14
-72.31261 -38.11213 351.8
-72.2876 -38.0554 354.39
-72.67912 -37.73754 354.62
-72.70581 -37.69682 353.67
-72.10194 -38.01719 354.67
