-72.08924 -38.24536 367
-73.03941 -36.99495 367
-72.09032 -38.24718 367
-73.04075 -36.99575 367
-72.17773 -37.80608 367
-72.78897 -37.14031 367
-73.05531 -37.03648 367
-72.17359 -37.79701 367
-73.05621 -37.00373 367
-72.47575 -37.60024 367
-72.02953 -38.09836 367
-72.47724 -37.59954 367
-73.05586 -37.03195 367
-72.23936 -38.1143 367
-73.06028 -37.0369 367
-72.78186 -37.13998 327.23
-72.78085 -37.13835 327.41
-72.03602 -38.10134 335.28
-72.21188 -38.08523 330.86
-71.50364 -37.6958 333.82
-72.03065 -38.10087 367
-72.03246 -38.09978 352.19
-72.39204 -38.24572 298.02
-73.35144 -37.99023 320.09
-72.06499 -38.05252 298.35
-72.08501 -38.22733 299.08
-72.02446 -38.25792 295.4
-73.35249 -37.97628 298.03
-73.35853 -37.98222 299
-72.77789 -37.1317 304.69
-73.35686 -37.97559 301.75
-73.35061 -37.98691 330.53
-72.05438 -38.10609 295.36
-72.21488 -37.9566 299.62
-72.24236 -37.83025 304.09
-72.44569 -38.1498 297.09
-72.02684 -38.25666 303.48
-73.21683 -37.91639 298.82
-73.22639 -37.91835 327.24
-72.24554 -37.84362 316.21
-72.24474 -37.84027 330.7
-72.21043 -37.95725 305.4
-72.24395 -37.83694 325.48
-72.07471 -38.24272 314.26
-72.96014 -36.65428 299.44
-73.04254 -36.99524 295.69
-72.03133 -38.25601 295.61
-73.21164 -37.91376 298.97
-73.0416 -37.05265 317.3
-72.22536 -37.96197 299.71
-72.96525 -36.65691 310.35
-72.26334 -38.0719 295.98
-72.04621 -38.11075 316.77
-73.09991 -37.01591 298.77
-72.78576 -37.12704 327.11
-73.08116 -37.00636 296.34
-72.05068 -38.1101 333.3
-72.11697 -38.20531 301.37
-72.2141 -37.95325 301.65
-73.08945 -37.08299 297.03
-72.77081 -37.13968 324.85
-72.02972 -38.26063 304.37
-72.2585 -38.08992 299.09
-72.03726 -38.11206 305.63
-72.03583 -38.25535 333.37
-72.2618 -38.06521 302.98
-72.26256 -38.06856 319.96
-72.2589 -38.07256 297.39
-73.12751 -36.74342 296.12
-72.80905 -37.13031 310.2
-72.03124 -38.106 319.93
-73.12832 -36.74674 307.1
-73.11459 -37.07558 323.86
-72.02895 -38.25727 298.46
-73.21307 -38.47125 319.74
-73.11565 -37.06164 301.67
-73.06739 -37.00509 318.95
-73.11671 -37.0477 300.54
-72.20971 -38.05905 302.6
-72.03048 -38.10264 301.76
-72.96364 -36.65028 313.09
-73.0682 -37.00841 305.49
-72.24315 -37.8336 329.01
-72.20525 -38.05971 301.21
-73.05794 -37.00314 316.3
-72.22092 -37.96263 324.54
-72.45016 -38.14914 325.81
-73.05727 -37.0433 303.25
-72.04388 -38.10069 334.72
-72.03202 -38.10936 327.8
-72.21142 -38.0865 306.45
-73.09045 -37.01397 298.56
-73.06306 -37.00578 304.15
-71.49509 -37.69383 303.22
-71.49904 -37.68979 296.56
-73.22202 -37.91903 322.93
-72.07683 -38.232 297.9
-71.48933 -37.69115 308.36
-73.11752 -37.05101 297.06
-72.25737 -38.06586 317.11
-72.04021 -38.03773 296.97
-72.0499 -38.10674 298.93
-72.22823 -37.95462 297.84
-73.10749 -37.0285 316.22
-73.12266 -37.05365 327.43
-73.10243 -37.08095 324.43
-72.80472 -37.13098 317.79
-72.04913 -38.10339 298.81
-72.79089 -37.12968 314.77
-72.03571 -38.10534 304.22
-73.04863 -37.04467 322.27
-73.05402 -37.03004 343.94
-72.78029 -37.14166 322.31
-72.96445 -36.6536 315.96
-72.7917 -37.133 303.81
-73.11401 -37.05501 299.74
-73.04212 -37.01815 315.77
-73.04593 -37.05198 329.81
-73.03283 -37.01054 303.9
-72.03649 -38.1087 319.12
-72.07391 -38.23937 333.25
-72.77515 -37.13901 324.15
-73.03121 -37.00391 310.97
-73.11238 -37.04839 307.42
-73.05025 -37.0513 301.4
-73.0594 -37.01543 308.69
-73.04944 -37.04798 312.71
-73.06373 -37.01474 298.83
-73.05509 -37.01611 298.79
-73.11482 -37.05833 310.19
-73.05672 -37.02273 300.17
-72.07236 -38.04452 305.09
-73.04807 -37.0241 329.95
-73.10944 -37.07295 336.96
-73.05173 -37.01445 298.43
-72.78222 -37.13103 339.09
-72.04388 -38.03373 303.91
-72.78736 -37.13367 309.73
-73.11051 -37.05901 298.23
-72.04173 -38.1114 348.1
-72.04018 -38.10469 324.32
-73.10806 -37.04907 313.89
-72.04543 -38.1074 301.35
-73.05376 -37.0473 304.38
-73.07135 -37.08241 300.97
-73.05092 -37.01113 300.64
-73.05281 -37.00051 330.09
-73.05157 -37.0201 327.1
-73.05524 -37.01045 302.68
-73.10594 -37.07695 312.07
-73.06184 -37.02537 301.88
-73.09729 -37.07831 331.51
-73.08514 -37.08368 339.3
-73.10888 -37.05238 304.29
-73.08183 -37.01533 302.56
-73.02054 -37.07663 301.29
-72.25369 -38.06987 311.91
-72.20762 -38.06975 306.8
-72.20604 -38.06305 315.32
-73.10162 -37.07763 325.48
-73.06617 -37.02468 309.65
-73.05011 -37.00782 303.86
-73.08614 -37.01465 302.55
-73.04147 -37.00918 305.19
-72.03494 -38.10199 334.89
-73.04661 -37.01181 305.78
-72.80038 -37.13165 327.81
-73.08081 -37.08435 326.18
-73.05077 -37.01678 330.97
-72.03941 -38.10134 343.25
-72.04465 -38.10404 317.08
-72.18557 -37.80405 340.82
-73.04066 -37.00586 309.7
-73.06535 -37.02137 300.21
-73.03985 -37.00255 305.24
-73.03553 -37.00323 323.13
-72.20683 -38.06639 318.74
-73.1132 -37.0517 333.78
-73.03904 -36.99923 322.88
-73.02135 -37.07994 321.19
-73.10455 -37.05306 302.74
-73.07217 -37.08572 349.13
-73.06103 -37.02205 300.11
-72.79251 -37.13631 328.61
-72.77435 -37.13569 337.13
-73.09378 -37.08231 342
-73.07252 -37.00773 347.9
-73.10675 -37.08027 352.97
-73.08533 -37.01133 321.62
-72.03422 -38.25998 350.05
-72.21287 -38.07243 313.87
-73.04579 -37.0085 309.53
-73.10699 -37.06301 300.58
-73.06037 -37.01308 316.67
-71.49995 -37.69315 316.41
-72.80634 -37.13761 333.52
-72.78464 -37.14098 343.53
-73.03796 -37.01318 335.93
-73.04417 -37.00187 315.79
-73.09128 -37.01728 313.76
-73.10619 -37.05969 301.96
-73.47478 -37.89227 334.88
-73.02959 -36.99728 335.37
-73.10374 -37.04975 309.86
-73.04929 -37.00451 333.09
-73.06967 -37.02069 301.05
-73.07318 -37.0167 311.1
-73.03202 -37.00723 335.43
-73.0304 -37.00059 329.14
-73.06886 -37.01738 302.05
-73.04726 -37.02078 344.89
-73.10513 -37.07364 328.42
-73.02523 -36.99041 331.8
-72.65437 -37.51321 301.52
-72.03345 -38.25662 340.8
-72.11266 -38.20079 330.2
-73.08548 -37.00568 338.4
-73.0431 -37.01581 340.17
-73.02721 -36.99149 336.98
-73.03471 -36.99991 318.52
-73.05311 -37.02976 336.12
-73.03822 -36.99592 344.35
-72.18636 -37.80739 351.05
-73.03634 -37.00655 325.43
-73.07933 -37.00574 342.74
-72.03049 -38.25675 341.78
-73.07775 -37.00721 330.6
-73.05444 -37.00714 332.52
-72.2113 -38.06574 341.02
-73.10186 -37.06038 310.22
-73.07668 -37.0127 318.23
-73.0863 -37.009 331.33
-73.06158 -36.99962 336.26
-73.05875 -37.00646 350.13
-73.05728 -37.03841 328.32
-72.25812 -38.06921 337.82
-72.78656 -37.13035 353.45
-73.04839 -36.99815 343.77
-72.03114 -38.25872 348.73
-73.05294 -37.04398 340.38
-72.11101 -38.20151 352.76
-73.06805 -37.01406 314.35
-72.0968 -38.24785 325.83
-72.21208 -38.06909 344.54
-72.03787 -38.25919 330.49
-73.07237 -37.01338 343.37
-73.04372 -37.02682 342.49
-72.23412 -38.11129 327.86
-72.77949 -37.13834 344.61
-73.07859 -37.01026 345.73
-73.04209 -37.02602 347.49
-73.07728 -37.00621 349.6
-73.0464 -36.99718 350.97
-72.23498 -38.11275 330.64
-73.06469 -37.01241 344.72
-73.03564 -36.99281 336.92
-73.06605 -37.00917 330.01
-72.80016 -37.14458 333.49
-72.78911 -37.12705 338.14
-72.79685 -37.13564 340.38
-72.77869 -37.13502 351.64
-73.04099 -37.02158 343.14
-73.05753 -37.02605 335.12
-73.05574 -37.00827 346.7
-73.07684 -37.00705 350.12
-73.08197 -37.00968 349.13
-73.07173 -37.08826 336.78
-72.02716 -38.09929 336.89
-72.78444 -37.13188 337.8
-73.05899 -37.00932 333.33
-73.081 -37.01202 350.93
-73.09486 -37.08043 332.4
-72.1094 -38.20739 345.97
-73.04176 -36.99333 346.65
-73.3489 -37.99275 346.66
-73.03391 -36.9966 349.33
-73.06546 -37.03732 344.75
-72.7913 -37.14297 341.07
-73.34707 -37.9906 341.92
-72.78816 -37.13699 344.89
-73.05164 -36.99876 355.68
-73.06388 -37.00909 339.4
-72.78977 -37.14123 338.06
-73.05834 -37.02937 353.53
-71.49487 -37.68223 338.53
-73.04276 -37.02087 354.3
-73.04829 -37.02135 332.56
-72.78383 -37.13766 355.65
-72.8074 -37.12669 335.64
-73.0512 -37.0033 333.57
-72.04406 -38.10309 327.39
-72.70622 -38.33617 340.58
-73.07765 -37.01036 347.11
-72.7127 -38.33215 330.77
-72.71119 -38.34115 336.87
-73.04619 -37.02658 351.56
-73.0408 -36.99782 342.34
-72.80987 -37.13362 331
-72.81783 -37.12757 338.14
-72.47405 -37.60615 327.46
-72.79331 -37.13963 350.97
-72.17874 -37.80331 339.35
-72.80045 -37.13514 335.29
-71.49966 -37.69966 355.28
-72.03231 -38.25994 339.31
-73.06116 -37.00416 340.18
-72.71185 -38.33664 334.35
-72.18516 -37.80848 348.66
-73.04336 -36.99855 353.25
-72.80655 -37.13114 339.67
-73.05946 -37.00478 352.53
-73.04848 -37.00119 335.12
-73.11333 -37.0734 346.82
-73.05453 -37.00438 353.8
-73.11026 -37.07626 341.73
-73.03458 -36.99728 347.87
-72.77975 -37.13338 335.53
-73.06606 -37.03279 336.75
-72.80472 -37.14003 339.03
-71.49245 -37.69473 350.11
-71.49682 -37.6909 341.43
-72.80402 -37.14449 334.1
-73.09811 -37.08163 345.28
-73.05956 -37.00977 342.05
-73.04642 -37.02203 352.74
-73.02853 -36.99676 354.92
-72.18068 -37.79932 352.84
-72.11492 -38.20549 333.17
-73.05362 -37.00382 348.89
-72.79964 -37.1396 343.43
-73.10761 -37.07293 348.46
-72.78557 -37.12936 356.11
-72.77332 -37.14186 333.95
-72.78503 -37.13383 336.89
-73.04661 -36.99833 341.47
-72.78901 -37.14321 349.39
-72.04315 -38.10076 340.86
-72.79081 -37.1298 341.06
-73.05655 -36.99919 344.2
-72.78394 -37.14277 340.98
-72.802 -37.13828 351.68
-72.18404 -37.80378 336.95
-72.23795 -38.11417 348.91
-71.49981 -37.69543 354.84
-72.03119 -38.09653 355.33
-72.47781 -37.60297 349.28
-72.18813 -37.25933 340.5
-72.7787 -37.14232 343.81
-72.80553 -37.13429 352.78
-72.11183 -38.20484 346.61
-72.18337 -37.80812 351.2
-72.22025 -37.96643 349.84
-72.47952 -37.60417 351.36
-73.07333 -37.01104 352.87
-72.78449 -37.1383 347.6
-73.06902 -37.01172 343.47
-72.04665 -38.10225 347.23
-72.7792 -37.13785 347.34
-72.79766 -37.13895 343.6
-72.79386 -37.14362 354.74
-72.18485 -37.25762 343.44
-72.80119 -37.13497 350.38
-72.79884 -37.14405 351.84
-73.0532 -37.02673 332.02
