-72.36968 -37.89298 330.22
-72.36414 -37.89236 332.96
-72.36648 -38.20302 338.35
-72.57813 -37.16155 337.55
-72.40961 -38.16179 315.13
-72.24871 -38.09404 313.21
-72.24896 -38.11694 296.58
-72.2544 -38.1163 302.46
-72.47259 -38.15736 307.09
-72.46704 -38.15805 299.47
-72.47284 -38.16107 301.05
-72.19962 -37.79662 305.44
-72.40473 -37.70903 313.33
-72.84717 -37.58994 312.7
-72.57888 -37.86943 298.09
-72.82332 -37.58702 295.28
-72.86041 -37.57724 300.78
-72.81002 -37.58004 326.86
-72.71047 -37.36982 329.82
-72.94406 -36.67066 327.29
-72.84339 -37.58818 319.63
-72.88713 -36.54836 297.55
-72.68665 -37.73749 303.87
-73.0023 -36.9323 316.36
-72.99928 -36.94356 310.42
-72.9981 -36.93647 303.23
-73.53757 -37.67782 331.34
-72.47403 -38.15365 334.94
-73.53723 -37.67646 332.35
-72.46724 -38.16827 332.23
-72.47293 -38.16891 338.63
-71.49055 -37.68395 339.28
-72.46402 -37.47819 332.83
-72.35307 -37.89113 334.89
-72.94235 -36.66948 341.4
-72.24939 -38.0903 336.7
-71.49437 -37.68809 341.68
-72.24804 -38.09776 341.5
-72.64512 -37.58646 334.21
-72.36338 -37.8961 336.78
-72.40359 -38.16494 347.04
-72.2438 -38.08968 352.11
-72.36777 -38.20303 338.88
-72.3601 -38.20615 344.23
-72.25028 -38.11705 349.19
-72.25591 -38.11768 344.93
-72.35865 -37.89175 348.23
