-72.41074 -38.1775 367
-72.02898 -38.09575 330.72
-71.50576 -37.69249 334.74
-72.41003 -38.17543 341.98
-72.49294 -37.88122 367
-72.82451 -38.46314 299.78
-73.18809 -38.05877 295.93
-72.32239 -37.86834 305.02
-72.31907 -37.86622 296.63
-72.5256 -37.90825 295.07
-72.32947 -37.87024 305.79
-72.32303 -37.87222 312.66
-72.52963 -37.91428 295.41
-72.32293 -37.87304 330.24
-72.32307 -37.8698 329.74
-72.52515 -37.91533 298.48
-73.12305 -36.73672 306.78
-73.36839 -38.32311 344.15
-73.37289 -38.32375 332.19
-73.38313 -38.18774 332.68
-73.38679 -38.19172 347.88
-72.40645 -38.17144 336.96
-72.40993 -38.18082 347.82
-72.49376 -37.8779 346.84
-73.38757 -38.18839 345.46
-72.32272 -37.87222 344.13
-72.40563 -38.17476 353.76
-71.50656 -37.68916 343
