-72.8057 -37.57684 367
-72.47929 -38.15468 367
-72.8208 -36.45535 367
-72.81191 -37.57928 367
-72.82069 -36.45563 367
-72.94027 -36.91823 367
-72.78513 -37.63257 367
-72.85022 -36.55162 367
-72.90161 -36.55276 367
-72.83376 -36.55125 367
-72.16275 -37.94395 367
-72.93602 -36.66867 367
-72.81463 -37.57824 367
-72.54856 -36.82085 367
-72.5492 -36.81411 367
-72.54867 -36.81883 367
-72.99559 -37.09714 367
-72.4659 -36.79884 367
-72.68382 -37.3876 367
-72.55183 -36.82259 367
-72.93552 -36.91571 367
-72.83988 -36.54985 367
-72.83383 -36.54841 367
-72.5575 -37.97825 332.47
-72.09742 -37.98794 334.14
-72.55923 -37.97366 330.76
-72.84392 -36.54065 331.07
-72.47166 -36.8167 334.4
-72.53712 -38.04984 337.32
-72.92875 -36.56086 336.28
-72.53275 -38.04727 337.98
-72.3968 -37.73174 335.78
-72.4641 -36.81375 340.38
-72.40022 -37.72165 337.26
-72.53589 -36.83094 337.86
-72.39845 -37.719 338.89
-71.98485 -36.9466 342.32
-72.99467 -36.94961 299.73
-72.84135 -36.55142 243.71
-72.40343 -37.71305 344.56
-72.55127 -37.97674 289.64
-72.93954 -36.91736 367
-72.9329 -36.91574 367
-72.89951 -36.5539 367
-72.46501 -38.20423 296.54
-72.46761 -38.20199 303.57
-72.46822 -38.19914 296.24
-72.41546 -38.19584 308.28
-72.9027 -36.71849 310.42
-72.46964 -38.2032 309.28
-72.48301 -38.15492 298.93
-72.96658 -38.18581 304.26
-73.08133 -38.06528 301.77
-72.79913 -37.57887 315.55
-72.4893 -38.19007 308.99
-72.49546 -38.08537 319.09
-72.41026 -38.15776 303.5
-72.48792 -38.15385 299.86
-72.49451 -38.0812 315.84
-72.79111 -37.58519 305.78
-72.28909 -38.11261 330.54
-72.49506 -38.19317 302.83
-72.16908 -37.9457 316.8
-72.78142 -37.63239 301.87
-73.07264 -37.28032 302.09
-72.28451 -38.1136 326.61
-72.48995 -38.08219 317.42
-72.59141 -38.10912 300.33
-72.20538 -37.88776 302.9
-72.43014 -38.1141 307.93
-72.49744 -38.18826 337.62
-72.49363 -38.07701 298.67
-72.4916 -38.18805 324.83
-72.43481 -38.11307 307.79
-72.16353 -37.94259 298.68
-72.76305 -37.68463 303.13
-72.54562 -37.87994 313.03
-72.4928 -38.07281 305.87
-72.45101 -38.13134 310.37
-71.61537 -36.51281 315.77
-72.47693 -38.15188 338.72
-72.80737 -37.57248 309.81
-72.91914 -36.9226 298.46
-72.77664 -37.63345 315.64
-72.93323 -36.66062 301.52
-72.76455 -37.68102 303.09
-72.85833 -36.55319 301.95
-73.08913 -37.28142 307.25
-72.49316 -38.19208 312.09
-72.15584 -37.92873 315.91
-72.78452 -37.62719 306.44
-73.07415 -37.28026 310.21
-72.92437 -36.92141 304
-72.79561 -37.62471 308.61
-73.1121 -37.21143 305.69
-73.08773 -37.28153 304.82
-72.8389 -36.46971 301.54
-72.91677 -36.54473 300.13
-72.93689 -36.56288 299.86
-72.70961 -37.4493 300.12
-73.09753 -37.27933 306.11
-72.86685 -36.54666 304.42
-72.78937 -37.59459 300.4
-72.79212 -37.60298 303.76
-72.80119 -37.56937 300.63
-72.93827 -36.65946 322.62
-73.1059 -37.26824 315.01
-72.74996 -37.42681 300.81
-73.10105 -37.26933 312.64
-72.55354 -37.9803 322.13
-72.94538 -36.92124 319.41
-72.79762 -37.5747 322.53
-72.86179 -36.54779 338.14
-72.93741 -36.58134 301.38
-72.1544 -37.93163 305.39
-72.83471 -37.56627 337.49
-72.16508 -37.92675 304.6
-72.47197 -36.46959 316.55
-72.71204 -37.41277 299.79
-72.53043 -36.48831 313.15
-72.48174 -36.4674 300.68
-72.85342 -36.53117 301.13
-73.00836 -37.09183 301.85
-72.7939 -37.6206 306.86
-72.86832 -37.45683 300.05
-72.45713 -38.13437 307.48
-73.10398 -37.27799 336.06
-72.13308 -37.93361 308.64
-72.4866 -36.46632 300.94
-72.1898 -37.80643 307.86
-72.45819 -38.1385 321.67
-72.76296 -37.67689 302.28
-72.82967 -37.56957 338.42
-72.6972 -37.41159 301.55
-72.79298 -37.57765 325.56
-72.52121 -36.47673 330.7
-72.40536 -37.71141 314.12
-72.79787 -37.57656 328.96
-73.08352 -37.2781 320.15
-72.19672 -37.78323 307.15
-72.85052 -36.52258 302.03
-72.68336 -37.37597 301.61
-72.69438 -37.40322 308.54
-72.69819 -37.42936 301.04
-72.7006 -37.43782 303.55
-72.82318 -37.54845 314.03
-72.70744 -37.4138 313.57
-72.20135 -37.78223 309.66
-72.91791 -36.54911 317.42
-73.01264 -37.07239 315.4
-72.75504 -37.68312 301.47
-72.84772 -36.46306 306.84
-72.85147 -36.45756 313.97
-72.7008 -37.39278 301.08
-72.86968 -36.5414 301.87
-72.5423 -37.88509 335.79
-72.8485 -36.53228 322.01
-72.91343 -36.54505 313.35
-72.82522 -36.4497 310.53
-73.07854 -37.20986 332.4
-72.40209 -37.71653 314.24
-73.08216 -37.27818 327.18
-72.6922 -37.38121 305.94
-72.69356 -37.3854 308.99
-73.09081 -37.10991 306.38
-72.48448 -36.5076 313.03
-72.68337 -37.4012 307.59
-72.93995 -36.57147 337.84
-72.70867 -37.36847 319.08
-72.7002 -37.40641 333.09
-72.93301 -36.58698 321.58
-72.8515 -36.45801 309.88
-72.92876 -36.55545 338.09
-72.82964 -37.55153 339.35
-73.08482 -37.21304 318.83
-72.67892 -37.38871 309.35
-73.10807 -37.27243 318.28
-72.99248 -37.09061 307.68
-72.68005 -37.40644 312.75
-72.82506 -36.45004 325.14
-72.52053 -36.49051 304.17
-72.84964 -36.45335 301.7
-72.90791 -36.55598 305.78
-72.69682 -37.42517 307.03
-72.70271 -37.3717 308.41
-72.85694 -36.52575 306.24
-72.82933 -37.56749 343.41
-72.47686 -36.4685 346.2
-72.81807 -37.54959 303
-73.00397 -37.09283 315.31
-72.71481 -37.37158 315.28
-72.47128 -36.80188 312.84
-73.10677 -37.27265 321.55
-72.83051 -36.44882 301.19
-72.85231 -36.54067 309.43
-72.8494 -36.4673 316.99
-72.91013 -36.54159 329.46
-72.84344 -36.53342 313.84
-72.8113 -37.5691 319.45
-72.84962 -36.4538 305.64
-73.00808 -37.07344 310.54
-72.49566 -38.18716 338.95
-72.20251 -37.78632 343.15
-72.82978 -36.46284 315.75
-72.93704 -36.66023 327.34
-72.45673 -36.80513 303.64
-72.8125 -37.57334 337.37
-72.8383 -36.53458 307.98
-72.64058 -37.56652 343.14
-72.58784 -36.79843 339.21
-72.85097 -36.55022 305.83
-73.07896 -37.27915 325.34
-72.47474 -36.7966 342.68
-72.71612 -37.3758 316.77
-72.82982 -36.46253 320.24
-72.69935 -37.4336 314.13
-72.46356 -36.7946 308.12
-72.85454 -36.5448 317.39
-72.70388 -37.36955 310.51
-72.67862 -37.40227 323.43
-72.90572 -36.54721 317.54
-73.10337 -37.27351 309.06
-72.70273 -37.38333 302.13
-72.15771 -37.93954 306.32
-72.99697 -37.0896 304.4
-72.56424 -36.81726 308.15
-72.8481 -36.44907 337.35
-72.46292 -36.80824 327.53
-72.69297 -37.39904 306.45
-72.52189 -36.81313 315.37
-72.58144 -36.7908 327.13
-73.00228 -37.08862 304.94
-72.69569 -37.40743 326.85
-72.6902 -37.39066 314.9
-72.83862 -36.45625 303.47
-72.16808 -37.94159 337.6
-72.82619 -36.45411 319.83
-72.82155 -37.56022 302.47
-72.47395 -36.81029 339.15
-73.08235 -37.21822 333.79
-72.68196 -37.39702 328.1
-72.82681 -37.55902 310.34
-72.69812 -37.38437 325.2
-72.91325 -36.56366 313.98
-72.93586 -36.57705 337.6
-73.0011 -37.08868 304.52
-73.00664 -37.08761 314.71
-72.82711 -37.56112 305.9
-72.86366 -37.45789 343.71
-72.82607 -36.45443 320.17
-72.83868 -36.45587 313.48
-72.70525 -37.39177 329.82
-72.20084 -37.88875 334.35
-72.81936 -37.55381 311.64
-72.8278 -36.45866 314.32
-72.8205 -37.55807 308.09
-71.61746 -36.5013 303.08
-72.82787 -36.45835 306.26
-72.81691 -37.56787 310.05
-72.90479 -36.54279 337.93
-72.82268 -37.56448 307.97
-72.57043 -36.82041 345.91
-72.46013 -36.79987 307.95
-71.61467 -36.50622 314.03
-72.84399 -36.46854 319.6
-72.46642 -36.80296 314.98
-72.831 -37.55575 337.72
-72.81964 -36.45125 328.82
-72.83161 -36.45286 336.75
-72.82459 -37.55265 318.3
-72.94668 -36.91172 339.84
-73.10252 -37.27821 343.51
-72.91865 -36.56242 316.02
-72.82244 -36.45986 338.28
-72.70668 -37.39595 333.82
-72.82806 -37.56326 313.02
-72.8441 -36.45503 325.22
-72.99522 -37.09484 338.75
-72.81921 -37.57431 355.5
-72.82587 -37.55688 310.47
-72.70163 -37.37907 327.47
-72.86229 -36.52455 338.38
-72.82253 -36.45958 339.62
-72.84501 -36.53769 325.99
-72.16241 -37.93851 344.88
-72.83152 -36.45321 338.16
-72.81981 -36.45095 338.48
-72.99973 -37.09381 333.76
-72.46842 -36.79351 342.2
-72.84702 -36.54186 330.81
-72.91127 -36.54597 332.67
-72.83504 -36.46168 340.14
-72.91566 -36.55383 319.95
-72.70893 -37.40446 343.37
-72.90891 -36.55074 339.11
-72.84807 -36.44952 338.21
-72.83508 -36.46133 339.71
-72.85021 -36.53652 352.04
-72.90797 -36.54631 341.22
-72.84223 -36.46432 347.21
-72.8323 -37.55997 352.38
-72.89287 -36.55232 340.47
-72.83366 -37.56418 356.21
-72.6824 -37.38342 335.48
-72.82785 -36.45441 350.3
-72.46501 -36.79878 345.02
-71.62354 -36.50434 304.71
-72.837 -36.46552 348.25
-72.82275 -37.56659 326.48
-72.92136 -36.55251 354.9
-72.91229 -36.55037 341.28
-72.68047 -37.39286 342
-72.9314 -36.56414 342.12
-72.47527 -38.1566 350.32
-72.83668 -36.45461 336.52
-72.44113 -38.13181 332.46
-72.77481 -37.63789 331.41
-72.48946 -38.16169 332.96
-72.55952 -36.81831 354.49
-72.49108 -38.16364 337.46
-72.91908 -36.55348 342.73
-72.82826 -37.56537 346.71
-71.62047 -36.50305 310.17
-72.49342 -38.18915 336.38
-72.55677 -37.97517 345.25
-72.9101 -36.5551 339.73
-72.99026 -36.94696 331.79
-72.7113 -37.37689 352.71
-71.616 -36.50402 322.8
-72.91712 -36.55813 336.22
-72.95023 -36.92014 339.14
-72.89346 -36.54739 340.84
-72.81226 -37.57137 342.18
-71.619 -36.5053 314.73
-71.62217 -36.507 311.74
-72.92425 -36.56113 341.57
-72.9012 -36.54417 333.28
-72.78979 -37.58392 341.13
-72.91374 -36.54716 335.45
-72.48607 -38.15747 334.18
-72.46431 -36.81244 351.48
-72.69537 -37.39629 343.13
-72.49298 -38.19077 336.12
-72.91348 -36.55473 346.66
-72.92277 -36.55683 344.12
-72.70387 -37.38758 346.26
-72.83331 -37.56207 347.34
-72.44499 -38.13375 347.14
-72.83968 -36.53455 331.92
-71.61911 -36.49902 338.44
-72.81792 -37.57008 347.84
-72.77557 -37.64024 332.41
-72.48252 -38.15672 343.54
-72.84175 -36.54304 354.77
-72.54081 -37.88101 354.82
-72.46814 -38.15322 339.78
-72.83592 -36.54382 341.95
-72.90823 -36.5661 343.47
-72.75953 -37.68213 334.44
-72.94848 -36.91592 356.15
-72.83678 -36.46878 336.87
-72.46156 -36.80405 340.38
-72.46906 -36.81137 344.45
-72.46986 -36.79769 354.69
-72.84263 -36.45074 340.71
-72.9231 -36.55952 340.27
-72.82652 -37.57607 339.37
-72.84368 -36.54723 342.2
-72.83537 -36.4673 335.14
-72.93281 -36.56846 331
-72.70665 -37.41012 355.93
-72.82388 -37.57085 355.84
-72.89799 -36.55861 341.44
-72.93774 -36.5933 339.37
-71.62205 -36.50033 340.07
-72.94688 -36.91838 333.93
-72.704 -37.37592 347.98
-72.84048 -36.54457 332.03
-72.92892 -36.91416 340.91
-72.77693 -37.6356 331.33
-72.90402 -36.56004 345.25
-72.79765 -37.58083 346.43
-72.99967 -37.09851 332.7
-72.9959 -37.0983 346.17
-72.68411 -37.38835 338.61
-72.75295 -37.66154 339.55
-72.82889 -36.45041 348.98
-72.84827 -36.45623 341.69
-72.8427 -36.45031 338.29
-72.8307 -36.45206 341.52
-72.68533 -37.39176 354.99
-72.79122 -37.61412 330.49
-72.78324 -37.6371 343.92
-72.85973 -36.55183 343.96
-72.82924 -36.45681 335.89
-72.83502 -36.45818 350.52
-72.83881 -37.56585 330.37
-72.71374 -37.37378 345.34
-72.85143 -36.5526 331.23
-72.4553 -38.1463 339.35
-72.81335 -37.57465 344.88
-72.75372 -37.66493 340.37
-72.56862 -36.81937 341.4
-72.47156 -38.15527 354.16
-72.47763 -38.15675 351.66
-72.16398 -37.94687 354.39
-72.78941 -37.60374 330.8
-72.79355 -37.62462 340.76
-72.91356 -36.94622 337.84
-72.40777 -38.15981 347.32
-72.94445 -36.91281 336.55
-72.54673 -37.97064 333.63
-72.93076 -36.92025 342.96
-72.79871 -37.62585 336.13
-72.44905 -38.14478 341.43
-72.44749 -38.13332 351.33
-72.57576 -36.81957 341.79
-72.81566 -36.45675 350.76
-72.72094 -37.37548 339.45
-72.93767 -36.66402 344.51
-72.48936 -38.1596 352.64
-72.45153 -38.14428 353.95
-72.83361 -36.45667 353.35
-72.49216 -38.15891 334.07
-72.82372 -37.56877 352.51
-72.81805 -37.57212 354.79
-72.45223 -38.13544 345.31
-72.69235 -37.39824 338.94
-72.7065 -37.37519 350.25
-72.56869 -36.82129 353.34
-72.8277 -36.54695 338.96
-72.82115 -37.57481 350.52
-72.68362 -38.35752 340.78
-72.68534 -38.35301 348.07
-72.45774 -38.20364 336.52
-72.94371 -36.92339 340.68
-72.57599 -36.82145 335.35
-72.55601 -36.81427 335.69
-72.83096 -37.55725 338.54
-72.81579 -36.4565 348.57
-72.55531 -36.821 339.29
-72.46486 -36.81897 335.43
-72.44696 -37.61897 342.37
-72.97462 -36.95089 346.4
-72.94257 -36.91855 355.2
-72.44651 -37.61691 344.91
-72.83556 -37.5633 347.76
-72.70232 -37.41066 352.94
-72.8474 -36.53788 337.75
-72.68324 -37.38602 347.74
-72.87018 -37.46094 335.43
-72.45723 -38.20181 343.99
-72.74443 -37.38557 340.33
-73.08066 -37.22345 331.54
-72.82516 -37.57251 355.72
-72.69895 -37.39981 352.05
-73.0475 -38.13894 355.57
-72.74675 -37.66329 339.3
-72.82001 -37.5795 344.22
-72.70756 -37.37064 341.96
-72.54528 -36.82098 343.11
-72.74516 -37.66789 341.03
-72.06888 -38.0066 339.78
-72.97711 -36.95049 353.91
-72.71362 -37.3782 344.04
-72.99397 -36.94553 335.27
-72.68951 -38.35892 346.94
-72.9809 -36.9524 334.32
-72.70641 -37.37799 331.99
-72.57664 -36.82018 331.98
-72.46583 -36.79638 354.63
-72.84914 -36.54601 351.38
-72.16319 -37.94364 342.62
-72.83412 -37.56792 355.36
-72.6893 -37.38746 333.38
-72.48724 -38.19405 342.66
-72.55541 -36.81902 349.37
-72.55273 -37.9921 341.52
-72.84592 -36.53605 341.41
-72.46471 -36.81651 339.69
-72.79564 -37.58532 340.04
-72.83153 -36.55294 348.68
-72.69124 -38.35442 342.81
-72.90574 -36.55539 355.7
-72.56834 -36.82332 332.52
-72.70724 -37.37667 339.67
-72.98299 -36.95187 341.46
-72.25441 -38.37059 341.87
-72.93773 -36.91122 353.33
-72.4744 -38.15471 349.14
-72.57025 -36.81865 342.13
-72.70872 -37.372 344.45
-72.74473 -37.66454 355.29
-72.56174 -36.82173 341.78
-72.54635 -36.82317 341.87
-72.46771 -38.20933 348.05
-72.59131 -38.1128 342.27
-72.93006 -36.5598 333.25
-72.62542 -37.58448 336.56
-72.84143 -36.46877 351.27
-72.7878 -37.60833 351.26
-72.81746 -37.58061 341.24
-72.25618 -38.36598 344.63
-72.84296 -36.47024 351.7
-72.45992 -36.79989 343.95
-72.80501 -37.36504 342.39
-72.62722 -37.57989 355.54
-72.71509 -37.37352 348.56
-72.83281 -37.5644 346.52
-72.90032 -36.54903 350.09
-72.20083 -37.79037 352.04
-72.98931 -36.94836 342.29
-72.84179 -36.54522 345.52
-72.46257 -36.7979 348.56
-72.68738 -37.3823 333.1
-72.52954 -36.82942 342.52
-72.55299 -36.82477 345.43
-72.46329 -38.20327 349.31
-72.4714 -36.8079 345.68
-72.70509 -37.37378 328.91
-72.47242 -36.81059 351.64
-72.94217 -36.91728 347.06
-72.85701 -36.55392 349.38
-72.46163 -38.20787 345.16
-72.5482 -36.81849 349.14
-72.40179 -37.71773 352.74
-72.6888 -37.38648 333.27
-72.70999 -37.37267 330.45
