-72.10436 -38.2173 367
-72.15661 -38.02883 336.58
-72.05002 -38.09537 308.73
-72.16663 -38.027 345.61
-72.48746 -37.92268 343.99
-72.43665 -38.49146 345.29
-72.43575 -38.49481 344.04
-72.70227 -37.91193 306.13
-72.70613 -37.91006 321.53
-72.70155 -37.90691 311.19
-72.70343 -37.90407 334.74
-72.43124 -38.49406 346.54
-72.15451 -38.20819 344.44
-72.09888 -38.21991 337.45
-72.10345 -38.22068 332.02
-72.14996 -38.20742 330.53
-72.09082 -38.38419 341.49
-72.2944 -38.23532 347.82
-72.04547 -38.09459 330.72
-72.20084 -38.26529 336.66
-72.20721 -38.25932 337.56
-72.08534 -38.38679 347.93
-72.2327 -38.2179 339.33
-72.26537 -38.21989 338.33
-72.26627 -38.21654 343.72
-72.48837 -37.91932 342.53
-72.05151 -38.38807 341.26
-72.45594 -37.95245 334.08
-72.26991 -38.22066 347.06
-72.48476 -37.91521 338.64
-72.39357 -38.04762 337.76
-72.52144 -38.02697 346.1
-72.20175 -38.26192 347.41
-72.48387 -37.91857 336.56
-72.08337 -38.13609 338.01
-72.47937 -37.91781 341.61
-73.12505 -36.74708 335.64
-72.08639 -38.13686 338.54
-72.16208 -38.02623 348.31
-72.48297 -37.92192 354.2
-72.48206 -37.92527 354.23
-72.20629 -38.26268 341.88
-72.16117 -38.02961 347.82
