-72.83754 -38.2007 367
-72.83707 -38.20368 367
-72.21604 -38.06342 367
-73.07435 -37.06213 367
-73.06372 -37.06734 367
-72.37163 -38.30044 367
-73.03304 -37.0797 367
-72.37343 -38.29374 367
-73.03222 -37.08305 367
-72.30475 -38.26824 367
-73.0787 -37.06284 367
-73.07696 -37.06951 367
-73.09909 -38.10608 367
-72.90228 -36.53713 367
-73.04777 -37.07515 367
-72.35899 -38.29483 367
-72.08621 -37.97404 367
-72.35809 -38.29818 367
-73.05919 -38.41971 367
-73.05305 -37.07254 367
-72.36802 -38.29634 367
-73.08307 -37.06356 367
-72.30656 -38.26153 367
-73.06552 -37.07808 367
-73.03062 -37.08975 367
-73.07259 -37.06879 367
-72.20785 -37.95942 367
-72.34093 -38.32685 367
-73.06728 -37.0714 367
-73.07348 -37.06547 367
-72.3635 -38.29558 367
-73.06818 -37.06807 367
-73.05666 -37.07662 367
-72.3644 -38.29223 367
-72.90148 -36.5405 367
-73.06195 -37.07401 367
-73.34798 -37.9886 330.37
-72.20322 -38.09261 331.34
-71.9608 -38.42508 330.84
-72.32945 -37.87077 334.5
-72.08257 -37.98754 334.68
-72.07896 -37.98339 333.49
-72.32415 -38.34204 336.57
-72.22466 -38.09615 338.15
-72.83222 -38.19288 337.23
-72.36166 -38.26725 336.51
-72.32236 -38.34875 335.05
-72.22011 -38.09539 335.77
-72.32146 -38.35211 336.12
-72.35534 -38.2732 338.68
-72.37885 -38.30865 340.94
-72.33408 -38.34021 339.43
-72.37975 -38.30529 341.32
-72.34815 -38.31755 341.76
-72.38608 -38.31685 341.31
-72.83852 -38.20901 344.95
-72.33046 -38.33609 345.11
-72.33861 -38.34096 341.63
-72.37796 -38.312 343.35
-73.07783 -37.06618 305.88
-72.09077 -37.97482 317.09
-72.36984 -38.32466 347.66
-72.37704 -38.29784 367
-72.30747 -38.25817 367
-73.02792 -37.08235 367
-72.29932 -38.27084 367
-72.32594 -38.33533 367
-72.34725 -38.3209 367
-72.30566 -38.26489 367
-73.06026 -37.08069 353.31
-72.30204 -38.26077 367
-73.07083 -37.07547 367
-72.34635 -38.32425 367
-73.05221 -37.07589 367
-72.30023 -38.26748 367
-73.0611 -37.07735 367
-73.04695 -37.07851 367
-73.06281 -37.07067 367
-73.07172 -37.07213 367
-73.0575 -37.07327 367
-73.06639 -37.07474 367
-72.21474 -38.06195 319.71
-72.21257 -38.09566 307.05
-72.21104 -38.08949 309.52
-72.21511 -38.06174 331.9
-72.22047 -38.06029 336.33
-72.2208 -38.06005 328.32
-72.82219 -38.2013 295.31
-72.82774 -38.19964 304.64
-72.82561 -38.20432 309.75
-72.83983 -38.19604 303.37
-72.83359 -38.21153 298.36
-72.85075 -38.19669 299.51
-72.84677 -38.19398 296.16
-72.82491 -38.20729 303.06
-72.82004 -38.20601 296.02
-72.83356 -38.19791 326.53
-72.8411 -38.20645 335.46
-72.85016 -38.19979 302.93
-72.83442 -38.20847 320.94
-72.82819 -38.21036 297.91
-72.84022 -38.20956 337.28
-72.83069 -38.20558 330.93
-72.84767 -38.20446 301.08
-72.84376 -38.2017 317.01
-72.84427 -38.19865 311.21
-72.76534 -38.2114 307.27
-72.7663 -38.20869 320.32
-72.7626 -38.20543 322.21
-72.76357 -38.20272 314.85
-72.25167 -38.08188 296.71
-72.22363 -38.06294 296.5
-72.21662 -38.06858 306.57
-72.21227 -38.06366 298.39
-72.83138 -38.20257 333.98
-72.28326 -38.06431 303.67
-72.27947 -38.06456 310.56
-72.20651 -37.97441 306.05
-72.7635 -38.21316 309.8
-72.76423 -38.21372 298.88
-72.20591 -37.96926 324.18
-72.76285 -38.20816 297.92
-72.76358 -38.20872 309.66
-72.82713 -38.19909 300.13
-72.21981 -38.06319 349.44
-72.82707 -38.20391 307.35
-72.84105 -38.19809 324.75
-72.82771 -38.20408 309.86
-72.8419 -38.20808 326.17
-72.84136 -38.20798 327.06
-72.8354 -38.21341 337.4
-72.84061 -38.19309 338.38
-72.83595 -38.21354 338.01
-73.46217 -38.24257 299.46
-73.46919 -38.24689 300.56
-73.46844 -38.24209 324.66
-72.80362 -37.57698 296.75
-72.80317 -37.5774 303.19
-72.8347 -38.20843 340.53
-72.83525 -38.20856 341.44
-72.804 -37.58196 296.08
-72.84133 -38.20309 340.81
-72.83378 -38.19358 326.53
-72.8408 -38.20299 340.81
-72.83432 -38.19857 352.09
-73.08051 -37.05619 350.29
-73.08834 -37.06095 336.43
-73.07522 -37.05879 354.09
-73.06997 -37.06141 340.51
-73.06463 -37.06401 339.42
-73.09275 -37.06167 341.14
-73.08131 -37.07023 339.43
-73.08218 -37.06689 353.99
-73.05927 -37.0666 341.5
-73.07166 -37.05473 333.34
-73.21548 -38.4982 330.49
-73.08566 -37.07094 337.69
-73.0761 -37.05546 338.93
-73.08743 -37.06427 353.31
-73.05392 -37.06921 345.96
-73.04337 -37.07443 337.47
-73.08653 -37.0676 347.92
-72.38602 -38.26432 334.83
-72.37339 -38.25871 332.93
-72.3752 -38.26952 336.91
-72.39593 -38.26248 332.71
-72.39776 -38.27329 332.15
-72.38784 -38.27514 336.16
-73.08488 -37.0569 350.09
-72.83411 -38.20345 339.47
-72.36169 -38.28477 338.97
-72.83467 -38.20358 338.2
-72.36079 -38.28813 347.65
-73.0796 -37.05951 345.58
-72.39142 -38.26172 346.27
-72.39324 -38.27253 339.25
-72.37609 -38.26617 339.65
-73.02708 -37.08569 348.17
-73.09467 -38.10537 341.62
-72.35986 -38.27396 341.22
-72.37881 -38.27363 342.36
-72.39413 -38.26918 340.24
-72.20187 -38.09233 340.29
-73.06468 -37.08141 351.84
-72.38963 -38.26843 346.22
-72.36346 -38.24303 336.05
-72.3653 -38.28888 356.07
-72.38155 -38.28109 338.39
-72.20107 -38.07812 333.38
-73.05834 -38.42303 336.87
-72.19867 -38.09183 345.09
-72.36887 -38.25795 350.03
-73.05836 -37.06993 351.66
-73.02986 -37.09311 355.11
-72.30294 -38.25742 339.26
-72.36436 -38.25719 339.19
-73.03387 -37.07635 352.55
-72.36346 -38.26055 335.94
-73.46362 -38.24537 342.77
-73.04616 -37.08186 347.02
-72.36797 -38.24379 350.58
-72.39053 -38.26508 342.79
-72.38605 -38.28183 346.31
-72.38515 -38.28519 338.68
-72.3286 -37.87414 346.39
-72.36797 -38.2613 354.78
-72.32648 -38.32795 354.85
-72.19689 -37.89415 339.65
-72.32558 -38.33131 346.64
-72.38426 -38.30604 349
-73.06908 -37.06475 342.71
-72.21362 -38.08375 336.35
-72.25551 -38.08726 342.61
-72.36441 -38.30975 342.32
-72.20875 -37.95605 340.06
-72.20287 -38.07138 346.84
-72.32685 -38.33198 344.42
-72.35719 -38.30154 347.98
-72.31107 -38.26229 338.38
-72.89704 -36.53977 336.65
-72.38425 -38.28854 349.99
-72.37885 -38.29114 340.04
-72.30114 -38.26413 349.85
-72.36983 -38.30714 351.77
-72.36707 -38.24714 354.32
-72.35989 -38.29148 352.36
-72.38245 -38.29524 351.78
-72.34184 -38.3235 348.07
-72.35628 -38.30489 353.87
-72.36079 -38.30564 353.77
-72.33913 -38.33356 345.04
-72.36893 -38.3105 352.35
-72.36076 -38.27061 352.8
-73.03351 -37.09719 344.58
-72.36531 -38.30639 352.8
-73.02876 -37.079 351.41
-72.36621 -38.30304 353.34
-73.05505 -37.08332 346.02
-72.32738 -38.3246 353.64
-72.37073 -38.30379 352.86
-73.035 -37.09047 350.47
-72.83765 -38.21235 341.75
-72.3404 -38.33426 347.25
-72.38336 -38.29189 345.69
-72.2024 -37.96202 341.02
-72.08531 -37.97742 343.42
-72.38243 -38.27773 354.33
-72.37525 -38.32205 347.4
-72.37791 -38.27698 351.86
-72.31017 -38.26564 342.7
-72.38333 -38.27438 344.19
-72.33643 -38.3261 345.43
-72.37074 -38.3213 347.31
-72.36351 -38.3131 349.48
-72.21377 -38.06618 346.11
-72.84112 -38.19901 348.85
-73.05139 -37.07924 354.77
-72.80437 -37.58033 346
-72.25638 -38.08389 354.63
-73.03794 -37.09791 346.67
-73.05946 -37.08404 347.73
-72.37523 -38.30454 344.62
-72.37615 -38.3187 348.67
-72.35445 -38.27656 354.01
-73.34885 -37.98528 348.41
-72.8257 -37.58734 347.84
-72.21098 -38.09385 348.56
-72.33498 -38.33685 355.71
-72.32599 -38.35286 348.78
-72.21234 -38.09415 347.49
-72.37253 -38.29709 350.96
-72.38337 -38.3094 354.73
-72.36169 -38.30229 355.96
-72.36259 -38.29893 352.48
-72.38156 -38.3161 351.18
-72.2183 -38.06694 344.04
-72.30927 -38.269 343.54
-72.37614 -38.30119 346.18
-72.37794 -38.29449 353.13
-73.03427 -37.09383 350.7
-72.32867 -38.3428 351.23
-72.37971 -38.27028 353.25
-72.30384 -38.2716 356.23
-73.05583 -37.07997 355.98
