-73.09161 -37.02033 367
-73.09673 -37.02096 367
-73.07508 -37.02194 367
-73.06877 -37.04448 367
-73.10005 -37.06005 367
-73.08434 -37.03883 367
-73.10548 -37.05941 367
-73.10621 -37.06317 367
-73.08346 -37.0351 367
-72.04597 -38.10622 367
-72.04525 -38.1097 367
-73.11032 -38.40694 331.47
-72.22749 -37.94638 334.16
-71.87564 -36.71708 335.57
-72.22457 -37.96036 337.28
-72.19188 -37.73334 346.38
-72.22531 -37.95686 346.28
-72.05013 -38.11034 367
-72.05084 -38.10685 367
-73.06904 -37.02485 367
-73.10894 -37.03711 367
-72.07816 -38.24031 367
-72.07368 -38.04549 367
-72.40012 -38.27509 297.01
-72.39956 -38.26954 309.15
-72.32986 -38.2768 317.37
-72.32985 -38.27879 296.29
-72.40025 -38.27348 323.88
-72.37914 -38.26533 311.35
-72.2916 -38.20622 310.65
-72.32919 -38.27284 328.04
-72.29226 -38.21018 308.84
-72.39944 -38.27115 331.48
-72.32919 -38.27482 337.75
-72.37923 -38.26362 325.12
-72.12894 -38.20697 295.77
-72.37849 -38.26138 300.07
-72.29028 -38.19828 303.54
-72.11533 -38.20431 308.34
-72.22748 -38.09372 299.31
-72.24629 -38.05351 305.2
-72.25797 -38.08246 295.09
-72.25713 -38.07851 301.63
-72.21598 -37.95574 299.12
-72.12179 -38.20364 319.63
-72.23785 -38.04231 301.44
-72.29095 -38.20225 327.7
-72.22189 -37.95705 299.67
-72.28963 -38.19431 329.48
-72.26514 -38.08574 310.05
-72.41184 -38.01139 321.13
-73.12585 -36.7848 296.78
-72.21272 -38.08717 295.13
-72.20011 -38.08849 295.24
-72.25064 -38.07918 336.54
-72.22668 -38.08976 299.7
-72.25567 -38.07269 296.9
-72.21483 -37.95378 301.59
-72.19534 -38.09708 307.31
-72.39121 -38.25835 296.53
-72.4242 -37.80381 307.4
-72.25 -38.07521 308.72
-72.41982 -37.98651 312.37
-73.21684 -38.49901 295.44
-72.2101 -38.06722 311.94
-72.2019 -38.09639 296.15
-72.20954 -38.06559 311.46
-72.22235 -37.95509 310.19
-73.10783 -38.10159 299.37
-72.4775 -38.15447 302.82
-72.20607 -37.97293 308.44
-72.20646 -38.08782 322.22
-72.20492 -37.97103 303.97
-72.21023 -38.06956 299.72
-73.46644 -38.23697 296.88
-72.04797 -38.03816 308.19
-72.116 -38.20831 327.18
-73.21999 -37.92446 333.54
-73.46172 -38.24136 315.57
-72.08876 -37.97555 295.3
-72.22877 -37.95442 327.04
-72.25 -38.07735 335.69
-72.22121 -37.95309 298.34
-72.25634 -38.07455 311.15
-72.20297 -38.06391 297.37
-73.12845 -36.7458 318.4
-73.45635 -38.24199 296.49
-72.22687 -37.94843 325.57
-73.10854 -38.1054 308.38
-73.08278 -38.08886 295.72
-73.10281 -38.10604 299.21
-72.79512 -36.7732 297.31
-72.07581 -38.04745 330.5
-72.20099 -38.09244 327.52
-71.692 -36.66859 318.34
-73.46721 -38.24071 310.17
-73.04179 -37.06299 312.51
-72.22054 -37.94912 298.89
-72.2199 -37.94515 312.77
-72.94311 -36.66803 299.6
-73.08196 -38.08506 323.21
-72.08807 -37.97156 308.2
-72.12248 -38.20764 347.92
-73.08192 -38.08648 324.6
-73.09192 -37.02259 303.54
-72.22758 -37.95239 343.12
-72.90054 -36.53855 298.55
-73.35446 -37.98153 328.81
-73.10365 -37.02508 335.34
-73.10229 -37.04443 324.03
-73.05561 -37.07293 309.1
-73.09909 -37.02945 299.54
-73.05639 -37.07669 300.83
-73.1031 -37.04818 308.99
-73.09988 -37.03319 312.27
-73.08575 -37.01947 299.09
-73.04829 -37.06609 301.06
-72.95729 -36.65097 327.24
-72.89442 -36.5354 299.54
-73.09275 -37.02634 306.35
-73.4704 -38.30955 335.46
-73.09823 -37.0257 326.78
-73.05179 -37.05413 313.22
-72.95329 -36.65913 326.29
-72.089 -37.97285 313.08
-72.90369 -36.52278 301.98
-72.21925 -37.94118 333.52
-73.10925 -37.0513 301.47
-72.95879 -36.65849 323.15
-72.89829 -36.5234 300.84
-73.06144 -37.07225 306.17
-73.04897 -37.06985 303.95
-72.86034 -36.52779 343.65
-73.06979 -37.08666 331.34
-73.21959 -37.92065 345.88
-73.10283 -37.02133 344.38
-73.0549 -37.06916 318.33
-73.12082 -37.05378 331.97
-72.89996 -36.53476 312.79
-73.1199 -37.05006 333.83
-72.04138 -38.03885 336.25
-72.89942 -36.53097 305.87
-72.90428 -36.52656 310.96
-73.076 -37.02443 304.82
-73.06216 -37.07601 303.26
-73.10393 -37.05192 322.2
-73.11232 -37.06629 306.28
-73.02374 -37.0805 305.04
-72.90549 -36.53412 324.29
-73.02707 -37.06855 328.05
-73.0732 -37.07087 303.11
-73.09103 -37.07647 331.18
-73.06369 -37.08353 302.8
-73.11006 -37.05504 344.74
-72.05276 -38.10371 330.46
-73.10744 -37.0707 314.71
-73.11084 -37.05879 345.34
-72.89886 -36.52719 324.34
-73.02444 -37.08427 315.18
-73.06336 -37.0278 339.69
-73.07212 -37.06331 303.85
-73.09735 -37.02197 335.18
-73.05268 -37.05788 332.82
-73.03223 -37.06796 335.41
-73.10143 -37.04069 334.42
-73.07812 -37.06645 305.03
-73.07383 -37.07465 308.08
-73.0596 -37.06092 309.83
-73.07073 -37.05579 310.74
-73.07658 -37.0551 306.99
-73.03355 -37.0755 338.87
-73.06921 -37.08288 341.98
-73.07711 -37.05888 305.92
-73.0808 -37.04693 310.44
-73.0715 -37.05954 306.87
-73.08359 -37.06581 305.94
-73.068 -37.07533 308.5
-73.07869 -37.07023 310.19
-73.08651 -37.02322 347.8
-73.06558 -37.06023 316.42
-73.06369 -37.05275 313.13
-73.08226 -37.05444 310.3
-73.09863 -37.05253 333.1
-73.08272 -37.05823 308.91
-73.07001 -37.05202 320.73
-73.06454 -37.0565 329.67
-73.09361 -37.07345 330.98
-72.94749 -36.65981 342.84
-73.01891 -37.08492 347.58
-73.07592 -37.05134 310.08
-73.08125 -37.01905 348.24
-73.08311 -37.06203 311.2
-73.076 -37.08229 340.32
-73.09217 -37.08059 334.26
-73.0694 -37.04825 314.87
-73.09164 -37.08419 343.4
-73.05366 -37.05582 330.37
-72.94879 -36.66736 349.14
-73.04757 -37.06232 349.22
-73.07948 -37.07398 319.12
-73.08055 -37.0865 342.17
-73.05856 -37.05719 322.05
-73.06326 -37.04896 331.57
-73.09362 -37.03008 341.13
-73.05769 -37.05345 353.67
-73.0722 -37.03255 336.21
-73.09937 -37.05629 343.43
-73.3543 -37.97961 349.44
-73.09329 -37.05316 333.83
-73.08781 -37.05379 320.93
-73.06443 -37.08728 342.87
-73.05492 -37.04868 347.83
-73.09283 -37.07702 334.82
-72.04038 -38.10907 340.28
-73.04949 -37.05165 336.08
-73.10059 -37.03695 338.57
-73.35371 -37.98327 332.24
-73.02847 -37.0761 347.88
-73.01192 -37.09272 343.9
-73.10485 -37.0549 341.51
-73.05716 -37.04966 345.37
-73.09167 -37.04567 330.19
-73.08408 -37.0696 325.77
-73.21595 -37.91875 337.21
-73.04672 -37.05857 333.4
-73.09698 -37.04505 355.22
-73.10568 -37.05135 347.11
-73.06979 -37.02129 345.62
-73.21535 -37.92239 335.36
-73.08707 -37.05005 329.22
-73.0816 -37.05068 323.17
-73.07427 -37.0255 340.42
-73.07987 -37.04319 334.98
-72.0411 -38.10558 335.61
-73.07738 -37.03195 341.86
-72.0751 -38.04345 327.32
-73.35938 -37.98021 339.65
-73.0863 -37.04629 322.27
-73.07671 -37.02819 320.53
-73.09781 -37.04879 347.72
-73.0883 -37.05758 320.52
-73.08729 -37.02697 340.75
-73.08633 -37.08355 355.35
-73.08115 -37.02383 347.25
-73.09082 -37.02389 347.47
-73.07452 -37.07841 342.58
-73.09747 -37.08124 347.96
-73.04881 -37.05522 347.3
-73.34756 -37.99 338.92
-72.04131 -38.0342 331.75
-73.32582 -37.77616 341.63
-73.07552 -37.08589 342.74
-73.10867 -37.07528 333.27
-73.09391 -37.05693 345.41
-73.08046 -37.02261 349.73
-73.12831 -36.74736 338.07
-73.08871 -37.06137 330.73
-73.08535 -37.04256 343.22
-73.09248 -37.04941 341.2
-73.06831 -37.02841 350.66
-73.08916 -37.06517 335.53
-73.07443 -37.04382 346.77
-73.0957 -37.07209 355.32
-73.09449 -37.0607 355.31
-73.40695 -38.13051 334.46
-73.08807 -37.03072 348.01
-73.09526 -37.06829 346.2
-73.09807 -37.07765 346.78
-72.04053 -38.03767 342.8
-72.0789 -38.23683 346.68
-73.09615 -37.04131 345.55
-73.22034 -37.9267 334.49
-72.08794 -38.24155 339.77
-73.32549 -37.77983 341.85
-73.08958 -37.06895 349.63
-73.08577 -37.07709 350.76
-73.09077 -37.04193 348.97
-73.08269 -37.03134 353.35
-73.32552 -37.77396 337.74
-72.08869 -38.23807 334.36
-73.05436 -37.05226 351.04
-73.11089 -37.052 341.77
-73.0681 -37.04071 336
-73.09496 -37.06449 346.01
-73.08035 -37.07772 355.01
-72.0453 -38.03829 342.66
-73.10686 -37.06693 354.43
-73.10331 -37.06203 340.17
-71.49864 -37.69171 354.97
-72.12263 -38.20607 346.67
-73.10165 -37.07138 354.11
-73.08102 -37.0829 351.09
-72.20633 -37.97597 345.3
-72.96065 -36.65193 349.23
-72.95808 -36.65472 342.3
-73.10464 -37.03292 345.99
-73.07286 -37.03632 353.86
-72.11701 -38.20893 348.71
-73.08487 -37.07335 351.41
-72.07442 -38.04201 341.61
-73.22083 -37.92305 338.74
-73.1032 -37.07827 346.13
-72.86057 -36.52795 343.44
-73.09534 -37.03756 353.04
-73.07361 -37.04007 353.83
-73.10117 -37.0676 355.91
-73.10386 -37.03648 349.26
-72.08379 -38.23745 352.55
-72.94827 -36.66357 345.93
-72.32661 -37.86917 344.56
-72.12189 -38.20956 347.95
-73.10471 -37.05567 341.37
-72.07294 -38.04897 348.33
-71.4979 -37.69513 348.44
-72.95985 -36.65546 354.11
-73.09023 -37.07272 348.75
-73.08194 -37.02758 348.12
-73.03296 -37.07172 341.04
-73.078 -37.03572 347.91
-73.08987 -37.03819 354.42
-73.02782 -37.07232 332.2
-73.10065 -37.06382 353.44
-73.07884 -37.03947 346.06
-73.08898 -37.03445 337.31
-73.09451 -37.03381 332.28
