-71.50592 -37.69303 334.9
-73.06525 -36.97536 334.84
-71.1143 -36.94433 338.15
-72.05592 -38.26597 308.59
-72.05965 -38.25711 300.2
-72.06744 -38.25457 307.95
-72.0477 -38.25338 298.92
-72.04176 -38.25766 301.93
-72.04745 -38.26159 298.23
-72.04702 -38.25719 302.52
-72.05271 -38.26111 297.84
-72.05191 -38.25964 353.12
-72.86372 -38.47096 316.25
-73.00179 -36.98023 331.03
-73.36039 -37.95893 334.46
-71.97302 -38.25492 303.76
-73.3558 -37.95942 320.09
-73.5828 -37.19851 318.13
-73.31987 -38.00386 303.58
-72.98748 -37.00251 309.85
-73.32841 -38.003 311.26
-73.58308 -37.20254 311.52
-73.12568 -36.74554 297.98
-73.58322 -37.20002 327.37
-72.05324 -38.26549 339.08
-73.3233 -37.99937 348.59
-72.06321 -38.26016 353.42
-72.048 -38.26597 333.23
-73.00108 -36.97614 299.07
-72.98286 -37.00298 302.82
-72.99305 -36.98112 307.75
-73.32413 -38.00343 345.39
-72.99667 -36.97659 322.29
-73.36082 -37.96302 343.79
-73.35614 -37.96351 349.83
-72.99742 -36.98067 345.41
-73.35241 -37.96235 330.12
-73.35775 -37.95951 331.56
-71.5016 -37.69239 341.32
-73.23254 -37.83496 340.36
-71.4943 -37.70505 347.86
-71.48645 -37.70044 348.17
-73.35652 -37.96643 338.02
-72.97632 -38.30926 344.38
-71.4857 -37.70377 347.88
-72.06413 -38.261 337.71
-72.86233 -38.47244 337.88
-73.06582 -37.04158 341.61
-71.50241 -37.68907 339.67
-71.50673 -37.68972 342.34
