-72.27215 -38.06724 367
-72.76204 -38.22127 328.51
-72.23184 -38.06303 330.58
-72.2261 -38.06609 329.21
-72.24148 -38.06635 295.44
-72.23894 -38.06212 307.95
-72.23436 -38.05991 298.6
-73.37152 -38.15379 313.12
-73.36785 -38.15474 309.6
-72.50651 -38.05602 300.3
-72.23904 -38.06278 330.69
-72.22402 -38.06133 321.46
-72.48085 -38.04678 302.71
-72.2372 -38.05808 336.83
-72.23242 -38.06441 296.96
-72.84103 -36.54694 300
-71.71593 -36.52009 319.36
-72.23436 -38.06908 304.87
-71.71755 -36.5206 324.08
-72.84502 -36.54593 295.11
-72.23058 -38.05971 321.95
-72.24203 -38.0737 328.93
-72.21107 -38.0837 329.98
-72.22128 -38.08163 354.39
-72.21893 -38.07312 342.35
-73.09231 -38.10959 328.96
-72.24972 -38.09627 342.82
-72.82582 -37.58877 343.77
-72.22851 -38.07465 334.22
-72.21989 -38.07279 353.31
-72.27664 -38.06818 337.03
-72.22272 -38.07767 346.64
-72.22699 -38.07859 340.38
-72.22475 -38.07008 342.36
-72.50517 -38.06126 349.18
-72.22326 -38.07402 351.74
-72.5 -38.05596 333.81
-72.22607 -38.07888 344.35
-72.50636 -38.0573 345.68
-72.63419 -36.60677 349.93
-72.75695 -38.21607 341.96
-72.22421 -38.07372 352.73
-72.22167 -38.06516 352.13
-72.22756 -38.07492 340
-72.27106 -38.07127 354.01
-72.70783 -37.37289 349.51
-72.34937 -38.26206 350.86
-72.35368 -38.26297 344.76
-72.75824 -38.2122 342.99
-72.75568 -38.21994 350.38
