-72.46788 -38.02375 367
-72.46393 -38.02179 367
-72.46929 -38.01931 367
-72.46785 -38.01987 367
-72.478 -38.0314 331.48
-72.46595 -38.02053 306
-72.46128 -38.02155 327.04
-73.37061 -38.32813 301.91
-72.46373 -38.02854 330.19
-73.38013 -38.19341 332.5
-72.21819 -37.85221 345.93
-73.37045 -38.33079 337.82
-72.21239 -37.85196 338.5
-72.4636 -38.0138 346.41
-72.46032 -38.02362 336.09
-72.46772 -38.017 356.26
-72.47128 -38.02871 330.53
-72.21786 -37.85204 339.43
-72.19852 -38.07209 330.06
-72.47545 -38.02389 355.16
-72.47583 -38.01678 341.28
-72.45999 -38.02298 350.98
-72.47658 -38.03204 338.53
-72.47149 -38.02196 350.25
-72.47189 -38.02995 335.87
-72.46136 -38.02244 349.84
-72.46175 -38.01838 345.31
-72.47363 -38.02535 333.41
-72.46316 -38.01785 354.24
-72.21965 -37.81281 352.25
-72.48003 -38.02283 339.74
-72.21793 -37.8175 349.23
-72.47392 -38.02135 356.89
-72.47535 -38.02074 352.36
