-72.31566 -38.22263 367
-72.16045 -38.02861 367
-71.25616 -36.52869 332.3
-72.14419 -38.22895 311.08
-72.15354 -38.02602 345.67
-73.13045 -36.74321 302.57
-73.12405 -36.73713 299.56
-72.14108 -38.22401 337.02
-72.12955 -38.23014 338.64
-72.04001 -38.42366 354.4
-72.09969 -38.46579 342.03
-72.31129 -38.2217 346.4
-72.26625 -38.21639 335.68
-72.10463 -38.4925 328.02
-72.1353 -38.22707 345.51
-72.0514 -38.46821 349.28
-72.16177 -38.02459 332.73
-71.23632 -36.51018 337.85
-72.27062 -38.21732 336.49
-72.13396 -38.23107 351.78
-72.13973 -38.22801 353.79
-72.15797 -38.02698 346.92
-72.04993 -38.47218 352.76
-71.2587 -37.49354 338.38
-72.15289 -38.02272 347.47
-72.156 -38.02767 334.58
-71.25607 -37.49421 342.87
-72.47366 -37.9331 343.95
-72.16241 -38.02794 342.74
-72.46945 -37.93221 340.5
-72.14712 -38.0258 341.67
