-72.98471 -38.42744 367
-72.97831 -38.42887 329.41
-72.39083 -37.46523 332.46
-72.92831 -38.05148 302.27
-72.92921 -38.05481 303.11
-72.92743 -38.04815 302.62
-72.92123 -38.05962 312.93
-72.10295 -38.17069 311.08
-73.17637 -38.04097 327.55
-72.91683 -38.06036 305.95
-72.92032 -38.0563 306.79
-72.53071 -38.11745 298.48
-72.10734 -38.16999 328.38
-72.16988 -37.88346 299.02
-72.48617 -38.04325 331.56
-72.1734 -37.87944 301.68
-72.15432 -37.83226 312.93
-72.64351 -37.84077 302.66
-72.14996 -37.83297 316.56
-72.17425 -37.88275 318.47
-72.46699 -36.49117 305.73
-73.17194 -38.04172 333.18
-72.46181 -36.48856 307.46
-72.45645 -36.50336 310.77
-72.45126 -36.50076 305.92
-72.45209 -36.5041 343.45
-73.48165 -38.32489 328.43
-72.99249 -38.42477 329.48
-72.98569 -38.42433 348.69
-72.98621 -38.41933 349.72
-72.99333 -38.41979 346.69
-72.98724 -38.42141 327.9
-72.9814 -38.43323 336.73
-72.98502 -38.42932 344.63
-72.98473 -38.43433 355.78
-72.97768 -38.43386 343.41
