-73.3249 -38.00537 367
-73.00002 -36.98457 367
-72.05637 -38.25802 367
-72.972 -36.98475 367
-72.99531 -36.9795 367
-72.05333 -38.26471 367
-73.35816 -37.96287 307.08
-72.52448 -37.91271 345.29
-72.05176 -38.26222 367
-72.05312 -38.26481 295.23
-72.04813 -38.25365 298.53
-73.35977 -37.95872 317.71
-72.06092 -38.25677 298.74
-73.36255 -37.96579 319.88
-73.36294 -37.96431 335.55
-72.26572 -38.08708 303.9
-73.32745 -38.00051 324.81
-73.32053 -38.00032 295.27
-72.26237 -38.09745 302.47
-73.35488 -37.96014 334.71
-73.00801 -36.98405 297.96
-73.32124 -38.0023 298.7
-73.32425 -38.00008 318.12
-72.05769 -38.25888 356.23
-73.10139 -36.99223 311.13
-73.09117 -36.98401 304.82
-72.25826 -38.09616 301.35
-73.09799 -36.99778 301.91
-72.04725 -38.26052 297.16
-73.09569 -36.99441 296.13
-73.00685 -36.98276 305.96
-73.08379 -36.98449 306.82
-73.09112 -37.00354 316.17
-73.08311 -36.96315 302.95
-73.35794 -37.96608 348.12
-73.32125 -38.0056 309.68
-73.08789 -36.98432 306.8
-72.04897 -38.25402 341.5
-73.09727 -36.99573 311.92
-72.99921 -36.97924 308.35
-73.08352 -36.95777 297.41
-72.99421 -37.00106 297.46
-73.35836 -37.96563 355.73
-73.0889 -37.0002 296.75
-73.07874 -36.98038 315.8
-73.09447 -36.99799 305.15
-71.50386 -37.69979 296.96
-73.07994 -36.9687 302.12
-73.08746 -36.98425 342.99
-72.99076 -36.99894 301.44
-73.07217 -36.9692 305.17
-73.07957 -36.96338 298.07
-71.48846 -37.69213 304.43
-72.99615 -36.99741 297.57
-73.09396 -36.9957 312.7
-73.09256 -36.99996 316.25
-73.09067 -36.99764 304.05
-73.00375 -36.9822 309.41
-72.97122 -36.98103 299.5
-73.07671 -36.98495 324.67
-71.49455 -37.70233 297.45
-72.98785 -36.97369 300.21
-72.99792 -36.98386 298.84
-72.99358 -36.99035 305.09
-72.98469 -36.99916 306.79
-73.0993 -36.99417 352.81
-72.97958 -36.9805 310.16
-72.9755 -36.98076 313.06
-72.98402 -36.98782 298.31
-72.99442 -36.99567 309.65
-71.49758 -37.7015 328.52
-72.98046 -36.99941 300.2
-72.05293 -38.25911 351.76
-72.98695 -36.99616 301.92
-72.99272 -36.99869 313.03
-72.98316 -36.9964 306.59
-73.004 -36.98431 352.21
-72.98319 -36.98027 307.83
-72.98669 -36.9908 301.56
-72.98452 -36.99581 306.84
-72.98727 -36.98001 323.28
-73.07328 -36.98518 329.96
-71.49825 -37.69539 301.77
-72.99022 -36.99057 305.61
-72.98671 -36.99358 304.85
-72.96864 -36.98658 317.33
-72.99043 -36.99409 310.98
-72.05179 -38.25927 354.82
-71.48987 -37.69768 321.39
-71.49532 -37.69619 306.2
-72.98981 -36.97966 308.54
-72.97785 -36.98598 335.63
-72.98362 -36.98143 315.49
-72.98923 -36.98526 317.87
-72.99282 -36.98503 330.17
-71.49261 -37.69693 321.4
-72.9733 -36.98628 342.56
-72.99133 -36.97975 350.76
-72.9957 -36.97798 337.84
-72.9962 -36.98481 355.57
-73.35245 -37.96543 330.52
-73.20114 -38.49313 333.04
-73.31814 -38.00224 330.46
-73.35351 -37.96206 331.81
-71.50204 -37.69488 331.97
-71.49899 -37.70193 339.54
-73.39114 -38.38533 333.19
-72.97156 -36.9927 349.5
-73.07426 -36.98551 333.34
-73.07883 -36.98632 334.04
-71.49133 -37.70431 338.12
-72.97664 -36.9936 350.22
-72.98594 -37.00297 343.25
-73.49826 -37.71238 341.5
-73.32269 -38.00303 347.69
-72.04178 -38.2604 331.5
-72.96275 -36.9875 344.86
-71.50456 -37.68392 333.37
-72.97543 -36.99702 349.59
-73.45591 -37.63147 336.44
-72.96777 -36.98839 332.84
-71.97166 -38.25691 346.93
-72.98381 -37.00215 352.84
-72.05782 -38.25962 340.97
-72.20164 -38.09858 348.61
-73.45214 -37.63317 339.27
-73.39021 -38.38872 335.59
-72.04445 -38.25934 347.44
-73.39237 -38.38856 355.5
-73.45678 -37.63398 332.61
-73.45497 -37.63488 346.63
-72.00149 -38.26247 335.04
-72.98116 -37.0021 333.31
-72.86346 -38.47336 338.99
-73.39506 -38.38955 340.9
-73.00383 -36.98389 336.23
-72.99435 -36.9822 349.29
-71.50386 -37.6876 344.71
-73.39143 -38.39194 347.06
-72.05939 -38.26213 344.33
-72.05676 -38.26313 349.74
-73.35712 -37.96625 349.47
-72.05441 -38.2612 351.08
-72.04834 -38.26377 345.33
