-72.68493 -37.95068 367
-72.68872 -37.95469 367
-73.23837 -37.81666 334.08
-71.94751 -37.3251 340.49
-72.68945 -37.9513 322.95
-72.68799 -37.95808 367
-71.94904 -37.31843 367
-71.9519 -37.32574 367
-72.77106 -38.16009 310.38
-72.76798 -38.16803 296.52
-72.76321 -38.16849 307.9
-72.75847 -38.16894 305.4
-72.95561 -38.12458 296.97
-72.94983 -38.1209 297.71
-72.77862 -38.17129 295.54
-72.95202 -38.11963 301.77
-72.93877 -37.18247 295.27
-72.78864 -38.17033 296.54
-73.23249 -37.8105 312.3
-72.78365 -38.17081 312.45
-72.35345 -37.74369 302.19
-73.07987 -37.05329 309.66
-73.1272 -36.74429 309.66
-72.93524 -37.187 300.76
-73.23329 -37.81458 335.39
-72.19321 -36.62793 299.39
-72.93436 -37.1829 345.68
-73.23737 -37.81416 340.41
-73.23275 -37.81943 335.31
-73.22869 -37.81536 345.88
-73.22952 -37.81195 341.15
-73.22783 -37.81877 343.92
-73.40008 -37.88252 338.68
-73.23437 -37.8126 335.22
-72.75792 -38.17358 346.36
-72.6842 -37.95406 340.83
-73.23357 -37.81601 354.81
-71.95343 -37.31907 344.04
-73.12711 -36.74832 344.22
-71.95266 -37.3224 353.63
