-72.67666 -36.82729 330.53
-72.2205 -38.05924 334.62
-72.21983 -38.06326 336.8
-72.06021 -38.25986 308.35
-73.40755 -38.21138 303.74
-72.06077 -38.02237 296.73
-72.26613 -38.09251 297.02
-72.05587 -38.02301 311.9
-72.03282 -38.10144 298.02
-73.35975 -37.96317 296.73
-72.31058 -38.01078 305.23
-73.40304 -38.21203 312.09
-72.31133 -38.01424 313.56
-73.35903 -37.95979 306.46
-71.96878 -38.25377 298.66
-72.05669 -38.02649 312.06
-71.50742 -37.69129 299.29
-72.02798 -38.10208 299.72
-73.0649 -37.04072 299.86
-71.48571 -37.69769 299.77
-73.12778 -36.74464 308.48
-72.05748 -38.02998 329.63
-71.50214 -37.69197 299.5
-72.86732 -38.46039 340.43
-71.48457 -37.69676 330.79
-71.48599 -37.69948 333.23
-72.86673 -38.46457 335.28
