-72.15449 -38.31915 311.33
-72.15681 -38.31782 299.28
-72.1455 -38.32044 299.32
-72.15976 -38.32185 297.85
-72.15897 -38.31849 296.96
-72.15527 -38.3225 332.44
-72.14999 -38.31979 310.59
-72.15605 -38.32585 315.64
-72.14628 -38.3238 304.99
-72.15156 -38.32651 310.82
-72.14783 -38.31913 304.84
-72.15233 -38.31848 315.65
-72.28038 -38.10462 302.79
-72.14706 -38.32716 299.61
-72.14785 -38.33052 295.77
-72.15154 -38.31512 300.75
-72.15078 -38.32315 333.61
-72.43588 -37.87145 313.18
-72.32272 -37.8779 323.53
-72.3219 -37.87456 319.13
-72.31747 -37.87521 340.41
-72.31826 -37.87856 334.99
