-71.90465 -36.97811 367
-72.69436 -37.92894 342.86
-72.18964 -36.627 346.9
-72.19475 -36.62796 367
-72.7685 -38.16913 303.74
-72.54606 -38.07246 295.54
-72.77249 -38.16341 307.03
-72.53835 -38.06845 308.68
-72.77251 -38.16438 328.36
-72.1598 -38.15695 313.27
-72.76761 -38.16576 316.23
-72.54099 -38.07389 324.74
-72.69641 -37.92472 296.25
-72.15667 -38.15705 330.81
-72.15548 -38.15477 308.76
-72.75933 -38.15865 297.42
-72.54247 -38.07249 344.2
-73.5289 -37.66899 303.26
-72.69591 -37.91924 296.08
-72.15788 -38.16017 320.79
-72.75966 -38.16413 299.04
-72.67109 -37.89853 299.95
-72.75966 -38.14924 303.33
-72.75494 -38.1589 312.53
-72.15511 -38.15826 314.56
-72.75479 -38.15062 298.08
-72.76808 -38.16365 339.16
-72.67129 -37.89854 308.02
-72.53976 -38.07167 342.08
-73.13205 -36.743 302.68
-72.67081 -37.89305 318.19
-72.67059 -37.89304 325.29
-73.13171 -36.745 323.06
-73.12812 -36.74324 323.25
-73.39677 -38.40203 341.32
-72.76173 -38.17091 345.75
-71.90361 -36.98171 346.08
-72.94864 -38.12346 353
-72.69532 -37.92546 349.89
