-72.46136 -38.21087 367
-72.46122 -38.20805 367
-72.94373 -36.58867 367
-72.9417 -36.58909 367
-72.7644 -37.65528 367
-72.98559 -36.93524 367
-72.21128 -37.77648 367
-72.70454 -37.41797 367
-72.994 -36.93483 367
-72.85753 -36.55145 367
-72.79955 -37.62818 367
-72.83368 -36.53984 367
-72.70742 -37.39901 367
-72.71109 -37.36873 367
-73.07223 -37.27997 367
-72.83649 -36.54177 367
-72.47313 -38.14975 367
-72.2095 -37.77573 367
-72.79424 -37.62963 367
-72.68374 -37.38494 367
-72.83213 -36.54629 367
-72.70914 -37.36339 367
-72.68612 -37.38715 367
-72.83118 -36.5479 367
-72.76085 -37.65624 367
-72.82677 -37.59172 367
-72.82529 -37.58915 367
-72.85162 -36.5568 367
-72.9966 -36.94197 367
-72.82568 -36.54781 367
-72.75699 -37.66492 367
-72.93307 -36.90643 367
-72.79516 -36.76958 367
-72.81883 -36.5504 367
-72.3648 -37.88348 367
-72.82014 -36.54671 367
-72.90405 -36.5592 330.08
-72.9377 -36.67188 331.44
-72.82642 -36.56367 330.29
-73.11749 -38.41139 330.33
-72.7066 -38.38634 335.09
-72.85466 -37.57388 333.09
-72.70188 -37.39938 336.23
-72.83669 -36.54996 333.35
-72.80556 -37.40014 336.98
-72.46735 -38.21422 336.58
-72.68168 -37.38762 333.63
-72.48238 -36.492 335.4
-72.17245 -38.38805 338.39
-72.7054 -38.38996 335.63
-72.5645 -37.96156 339.59
-72.90719 -36.56765 309.55
-72.48529 -38.1944 344.53
-72.93321 -36.6671 312.28
-72.99148 -36.94099 367
-72.82982 -36.55254 367
-72.89861 -36.55814 367
-72.82431 -36.55147 367
-72.46686 -38.21065 295.19
-72.45717 -38.20913 315.22
-72.48898 -38.19166 332.26
-72.48825 -38.19033 331.94
-72.46526 -38.20698 296.86
-72.46925 -38.20592 295.74
-73.11728 -38.40421 313.7
-72.48429 -38.19056 308.7
-72.28183 -38.08781 320.46
-72.48787 -38.18961 314.83
-72.59766 -38.11131 312.16
-72.2841 -38.09284 296.05
-72.48773 -38.15161 298.26
-72.27787 -38.08884 302.64
-72.27972 -38.0935 295.44
-72.28368 -38.09244 312.43
-72.4729 -38.15383 311.4
-72.50426 -38.19108 299.43
-72.48096 -38.15166 296.23
-72.49392 -38.15956 302.85
-72.73515 -38.42004 295.33
-72.49246 -38.16172 297.98
-72.49768 -38.15855 310.3
-72.47745 -38.14862 312.94
-72.86346 -36.55216 313.4
-72.48747 -38.15559 324.9
-72.70216 -38.4039 296.24
-73.05286 -38.13807 304.35
-72.49999 -38.19206 307.8
-72.46909 -38.15081 300.77
-72.71616 -38.39868 306.95
-72.48356 -38.15665 315.51
-72.71076 -38.40583 295.57
-73.04884 -38.13917 320.24
-72.7071 -38.4037 300.57
-72.4904 -38.1605 301.05
-72.94147 -36.67054 302.42
-72.94608 -36.58886 306.5
-72.71335 -38.39371 300.77
-72.94251 -36.92559 301.18
-72.94187 -36.6647 296.76
-72.79987 -37.61233 307.66
-72.71213 -38.39975 311.86
-72.94463 -36.66999 297.75
-72.49014 -38.15665 307
-72.49751 -38.18704 311.65
-72.72459 -38.42693 295.04
-72.80595 -37.57651 296.05
-72.21484 -37.7791 318.34
-72.7068 -38.38973 315.88
-72.85958 -37.57411 315.88
-72.72982 -38.42672 298.33
-72.72864 -38.42078 311.84
-72.56519 -37.97346 301.54
-72.94516 -36.5852 306.2
-72.9179 -36.54359 299.79
-72.48498 -38.15421 345.72
-72.79514 -37.58292 301.2
-72.80608 -37.5789 298.48
-72.48323 -38.15278 338.46
-72.79552 -37.60067 308.52
-72.563 -37.9543 312.01
-72.86229 -36.55015 333.2
-72.89333 -36.54482 309.13
-72.93229 -36.91887 302.08
-72.93296 -36.66711 312.57
-72.94837 -36.92532 298.6
-72.72347 -38.42099 308.07
-72.76903 -37.63524 313.88
-72.20422 -37.90629 298.11
-72.9368 -36.67079 319.87
-72.56391 -37.95618 315.12
-72.55914 -37.96934 297.92
-72.83827 -36.44313 297.35
-72.9476 -36.90869 296.46
-72.54723 -37.97251 303.24
-72.55329 -37.97663 303.75
-72.9421 -36.92435 303.75
-72.94282 -36.58273 327.7
-72.91328 -36.54382 305.69
-72.93967 -36.67133 310.09
-72.70551 -38.39579 312.66
-72.93624 -36.55427 302.1
-73.00031 -36.93629 300.97
-72.93877 -36.9231 296.88
-72.77825 -37.63315 297.54
-72.80413 -37.57356 302.31
-72.20006 -37.90739 298.76
-72.94727 -36.92041 298.59
-72.56319 -37.95679 327.74
-72.56116 -37.96307 309
-72.82168 -37.58764 299.84
-72.89896 -36.54019 297.16
-73.07743 -37.20988 299.14
-72.79561 -37.57585 296.53
-72.93297 -36.91482 297.65
-72.90233 -36.55606 300.69
-72.46828 -36.7981 297.38
-72.55911 -37.95788 307.16
-72.93472 -36.58326 298.1
-72.49694 -38.19287 338.26
-72.20921 -37.78712 307.4
-73.07791 -37.27969 332.49
-73.07501 -37.20417 305.96
-72.68422 -37.39087 322.11
-72.97659 -36.93676 297.97
-72.99073 -36.95094 300.46
-72.20381 -37.79166 326.61
-72.93733 -36.5813 314.63
-72.94105 -36.58328 342.27
-72.99798 -36.94632 320.44
-72.93744 -36.66589 322.71
-72.71531 -37.42031 299.29
-72.82642 -36.54227 308.53
-72.85881 -36.5524 344.74
-72.54402 -36.82748 297.64
-72.99714 -36.93114 297.44
-72.56148 -36.82672 303.43
-72.84432 -36.549 298.47
-73.08078 -37.20966 312.64
-72.84502 -36.45452 299.4
-72.20376 -37.77844 297.66
-72.82785 -36.54745 328.94
-72.56445 -36.82337 298.72
-72.68883 -37.38471 313.18
-72.841 -36.54742 305.14
-72.54964 -36.82126 299.4
-72.70863 -37.39571 306.66
-72.71351 -37.42139 313.77
-72.89558 -36.55055 311.99
-72.93975 -36.58669 312.45
-73.07699 -37.20552 306.67
-72.84557 -36.54719 302.96
-72.20546 -37.78812 299.55
-72.93062 -36.90946 300.44
-72.93725 -36.58422 307.77
-72.20347 -37.7898 305.35
-72.80009 -37.63395 330.93
-72.83641 -36.53591 321.62
-72.84135 -36.54153 321.97
-72.21118 -37.78094 328.73
-72.46886 -36.80407 312.21
-72.79517 -37.63523 300.53
-73.08009 -37.21068 334.21
-72.81139 -37.57626 325.1
-72.94652 -36.92096 300.14
-72.94971 -36.90807 301.5
-72.81734 -37.58173 300.58
-72.5553 -36.82102 300.91
-72.75378 -37.38075 310.95
-72.82499 -36.54221 323.24
-72.93757 -36.90826 325.28
-72.5774 -36.81411 325.53
-72.8004 -37.60386 304.41
-73.07147 -37.20515 308.61
-72.57214 -36.81433 300.27
-72.76325 -37.65923 313.38
-73.07388 -37.28572 299.51
-72.98134 -36.93546 298.11
-72.67964 -37.40298 305.94
-72.76556 -37.6608 335.21
-72.99868 -36.94276 354.69
-72.84052 -36.45474 302.36
-72.71449 -37.36573 319.34
-72.80051 -37.58268 346.05
-72.84341 -36.44352 306.35
-72.80825 -37.57245 312.29
-72.94599 -36.92331 313.38
-72.9488 -36.91055 306.5
-72.75872 -37.65579 305.2
-72.97977 -36.94191 303.06
-72.14805 -37.94926 333.2
-72.78961 -37.58332 325.22
-72.67918 -37.39705 308.57
-72.70327 -37.36623 321.8
-72.80211 -37.57996 326.48
-72.93686 -36.5835 317.13
-72.20556 -37.78362 307.04
-72.72796 -37.36419 309.67
-72.81473 -37.57657 317.01
-72.79148 -37.62452 300.15
-72.78454 -37.63227 311.03
-72.68619 -37.41053 298.88
-72.83858 -36.44484 310.59
-72.93604 -36.90929 329.73
-72.71251 -37.4035 327.89
-72.78619 -37.62595 299.17
-72.74936 -37.38194 307.23
-72.70808 -37.41701 309.08
-72.82415 -37.58578 303.35
-72.69635 -37.40197 301.18
-72.67896 -37.39111 317.59
-72.20925 -37.78265 327.63
-72.94312 -36.90387 308.53
-72.79259 -37.63045 311.58
-72.55872 -36.82365 324.91
-72.84939 -36.54762 304.93
-72.8427 -37.55143 299.3
-72.98481 -36.94053 301.77
-72.93144 -36.90709 316.24
-72.85442 -36.55262 341.24
-72.82111 -37.58175 305.07
-72.71159 -37.42131 306.03
-72.70251 -37.41788 311.59
-72.83002 -37.58135 299.87
-72.82598 -36.54816 345.44
-72.81268 -37.57126 310.73
-72.80191 -37.62687 337.78
-72.2075 -37.78192 321.16
-72.57358 -36.81639 303.25
-72.7193 -37.36652 302.71
-72.83163 -37.56945 302.68
-72.83958 -36.44893 313.52
-72.54936 -36.82294 312.34
-73.07355 -37.20645 328.11
-72.93934 -36.9191 336.01
-72.84121 -36.54382 327.04
-72.89571 -36.54711 315.12
-72.84415 -37.55691 313.32
-72.82927 -36.54104 330.44
-72.8337 -36.44616 301.79
-72.98978 -36.93504 326.87
-72.78999 -37.60664 304.25
-72.68391 -37.38189 316.7
-72.70218 -37.39456 302.04
-72.93958 -36.58887 346.86
-72.75733 -37.6572 317.57
-72.94636 -36.90521 333.08
-72.68009 -37.40631 302.71
-72.84063 -37.55787 300.35
-72.70273 -37.37098 320.87
-72.54315 -36.81298 299.84
-72.93832 -36.90738 318.01
-72.94523 -36.90929 334.23
-72.79696 -37.63025 335.15
-72.83156 -36.54202 327.96
-72.54071 -36.81349 299.49
-72.70387 -37.41166 319.5
-72.78634 -37.631 323.67
-72.6904 -37.386 339.65
-72.82909 -37.58445 329.71
-72.67587 -37.39575 307.55
-72.54291 -36.807 303.07
-72.93613 -36.91782 347.34
-72.20574 -37.77673 309.37
-72.70695 -37.36984 328.11
-72.93447 -36.90842 326.28
-72.83141 -37.5872 326.86
-72.70891 -37.40446 316.95
-72.79987 -37.5747 349.4
-72.67799 -37.40102 321.08
-72.99371 -36.94411 332.25
-72.70609 -37.41692 348.86
-72.94226 -36.90631 320.48
-72.67986 -37.39468 321.89
-72.82229 -37.58041 321.34
-72.70507 -37.36449 313.92
-72.54113 -36.82516 314.15
-72.99523 -36.93768 345.45
-72.83506 -37.58286 309.08
-72.57106 -36.81117 324.87
-72.71092 -37.39807 322.36
-72.79524 -37.60523 342.91
-72.79128 -37.62969 325.74
-72.76181 -37.66182 328.09
-72.70017 -37.40095 336.85
-72.70546 -37.40538 309.48
-71.61202 -36.50736 309.79
-72.57519 -36.81006 337.57
-72.72353 -37.36539 327.26
-72.54531 -36.82403 342.03
-72.85416 -37.57185 327.72
-71.61546 -36.50646 326.13
-72.20754 -37.77745 326.2
-72.7039 -37.39995 348.32
-72.79679 -37.62823 347.74
-72.83659 -36.54508 351.08
-72.85452 -37.57434 356.32
-72.70879 -37.36599 348.26
-72.97478 -36.94167 330.32
-72.90182 -36.5666 340.57
-72.82896 -37.59373 337.85
-72.81339 -36.54933 345.94
-72.84042 -37.59209 332.42
-72.81611 -37.58969 343.36
-72.82141 -36.54303 334.9
-72.84088 -36.44486 344.56
-72.76305 -37.66608 351.05
-72.95412 -36.91439 331.6
-72.49827 -38.07806 331.83
-72.99028 -36.94464 336.74
-72.99778 -36.93833 331.09
-72.98759 -36.93637 346.55
-72.79546 -37.62976 335.57
-72.91308 -36.54529 344.66
-72.90291 -36.5629 347.18
-73.05079 -38.1338 330.44
-72.90207 -36.54313 341.53
-72.75797 -37.66124 339.62
-72.83445 -36.44754 338.81
-72.48682 -38.16255 346.34
-72.79396 -37.63721 332.99
-72.81208 -37.58505 341.96
-72.93185 -36.91008 331.47
-72.85355 -37.57753 337.46
-72.92742 -36.90533 333.11
-72.8215 -37.59072 354.74
-72.84229 -37.55605 339.74
-72.93697 -36.56171 351.91
-72.80459 -37.57201 332.01
-72.86049 -36.53105 332.9
-72.80354 -37.57568 340.72
-72.48364 -38.18916 345.35
-72.4829 -38.1579 336.93
-72.99543 -36.94563 332.27
-73.04974 -38.1374 333.37
-72.83521 -37.59108 355.26
-72.76597 -37.65503 342.75
-72.77614 -37.63763 333.4
-72.78958 -36.76849 334.55
-72.94495 -36.92427 346.04
-72.84002 -37.56335 333
-72.8145 -37.58703 345.37
-72.9062 -36.57138 342.79
-72.48833 -38.15895 341.93
-72.49899 -38.07432 344.03
-72.764 -37.6624 354.51
-72.82854 -36.55623 346.8
-72.79408 -36.7733 344.47
-72.83041 -37.59015 355.79
-72.82304 -36.55515 349.66
-72.83794 -36.54627 346.24
-72.79993 -37.5866 334.42
-72.49695 -38.075 354.49
-72.94329 -36.9123 344.09
-72.81461 -36.54564 354.59
-72.70143 -38.36613 341.13
-72.93631 -36.58506 351.65
-72.82291 -37.58712 343.44
-72.78739 -37.63982 336.47
-72.46772 -38.15106 343.61
-72.82822 -37.58813 336.1
-72.81746 -37.58608 351.19
-72.84118 -37.5597 346.65
-72.71044 -37.36983 344.65
-72.85271 -36.55309 345.64
-72.81014 -37.57307 335.67
-72.79702 -37.58747 339.24
-72.94054 -36.58978 342.39
-72.85795 -36.55412 352.48
-72.70416 -38.39355 343.39
-72.90088 -36.71943 335.68
-72.6882 -37.38499 346.26
-72.8199 -37.58809 350.49
-72.70082 -37.40307 351.09
-72.48936 -38.19026 348.86
-72.69504 -37.40194 349.16
-72.48242 -38.19281 343.3
-72.89753 -36.56185 349.28
-72.84633 -36.55577 337.42
-72.8091 -37.57674 349.25
-72.81546 -37.57409 335.84
-72.9322 -36.67081 346.21
-72.83817 -37.59004 352.51
-72.83251 -36.54521 344.75
-72.79305 -37.64091 354
-72.80794 -37.58039 340.9
-72.46958 -38.20687 345.29
-72.56355 -36.82627 345.1
-72.46295 -38.20947 346.38
-72.70255 -38.36251 340.31
-72.83119 -36.54888 353.56
-72.46185 -38.21314 350.58
-72.37771 -38.2005 350.76
-72.56472 -36.82254 346.74
-72.37658 -38.20419 345.69
-72.84526 -36.46932 340.18
-72.46847 -38.21055 347.31
-72.37103 -38.2031 342.31
-73.07008 -37.28158 347.55
-72.45522 -38.21574 348.19
-72.45634 -38.21206 346.54
-72.48807 -38.19389 342.71
-72.37511 -37.88944 344.82
-72.76497 -37.65871 344.11
