-72.37914 -38.2505 337.32
-72.37981 -38.24675 338.35
-71.16398 -37.58197 337.35
-73.36913 -38.15082 301.54
-72.40853 -38.1783 295.12
-73.21391 -38.46514 300.88
-71.50764 -37.70361 297.7
-71.50127 -37.70046 300.81
-73.3815 -38.38195 297.54
-73.36266 -38.31659 297.82
-73.37693 -38.38254 298.02
-73.38343 -38.3926 333.61
-73.38093 -38.38324 306.3
-73.37863 -38.39321 326.73
-72.52771 -37.91587 299.41
-71.50132 -37.70433 323.4
-73.36819 -38.31951 307.03
-73.38398 -38.39615 340.06
-73.3699 -38.15435 351.32
-73.36163 -38.22071 329.75
-73.38275 -37.98886 331.83
-72.46028 -38.28632 337.74
-72.4065 -38.17677 333.31
-72.17513 -36.98404 338.04
-72.38213 -38.24674 345.04
