-72.63656 -38.49762 367
-72.95243 -38.17117 367
-72.95894 -38.18125 367
-73.0443 -38.1382 367
-72.95324 -38.17424 367
-72.95997 -38.18445 367
-72.6422 -38.4938 367
-73.08112 -37.1726 367
-72.93256 -36.94449 367
-72.30011 -38.01516 367
-73.14349 -38.12565 367
-72.34641 -37.88823 367
-73.14223 -38.12981 367
-72.44505 -38.10717 367
-73.10551 -38.41756 367
-72.72861 -37.37881 367
-72.84776 -36.47147 367
-72.92745 -36.58212 367
-72.74808 -37.6904 367
-72.84868 -36.46424 367
-72.44341 -38.10773 367
-73.10819 -38.40704 367
-73.10635 -38.41 367
-73.10741 -38.41464 367
-72.88727 -36.54173 367
-72.85663 -36.52201 367
-72.2527 -38.36767 367
-72.85159 -36.47599 367
-72.74565 -37.68012 367
-72.70884 -37.43776 367
-72.91931 -36.58693 367
-72.9221 -36.57957 367
-72.87012 -36.54746 367
-72.59219 -38.11032 367
-73.60904 -37.18893 367
-72.75158 -37.67405 367
-72.53242 -36.83353 367
-72.40327 -37.71717 367
-72.87406 -36.5372 367
-72.33902 -37.87505 367
-72.84721 -36.47555 367
-72.96622 -38.18575 367
-72.75242 -37.66996 367
-72.91696 -36.57683 367
-72.91636 -36.59431 367
-72.86806 -36.54805 367
-72.33968 -37.87103 367
-72.87469 -36.5406 367
-72.91343 -36.58082 367
-72.49587 -36.80761 367
-72.87846 -36.53657 367
-72.99695 -37.08293 367
-72.40398 -37.71314 367
-72.8791 -36.53997 367
-72.91776 -36.5802 367
-72.91854 -36.58356 367
-72.83951 -36.65211 330.01
-72.71989 -37.39087 330.5
-73.04501 -38.15901 331.45
-72.848 -36.52113 331.8
-72.59522 -36.64753 331.88
-72.96055 -38.1937 330.21
-72.76876 -37.44137 332.68
-72.48814 -38.14857 331.21
-72.7998 -36.79136 331.97
-72.70882 -37.43132 332.22
-73.03992 -38.15852 330.7
-73.08715 -37.27579 334.33
-72.72669 -37.37604 333.55
-72.49566 -36.81787 332.37
-72.72167 -37.38273 335.78
-72.73119 -37.37649 332.65
-72.84908 -36.46333 332.17
-72.4856 -38.09132 332.08
-72.53167 -36.838 334.11
-73.11191 -38.03308 333.71
-72.34156 -37.86302 336.77
-72.55551 -36.77095 335.48
-72.50809 -36.49943 338.27
-72.42954 -37.60077 338.21
-72.54266 -38.0597 337.53
-72.3234 -37.79976 340.68
-72.64946 -38.4969 339.4
-72.49109 -36.80516 337.56
-72.48988 -36.81319 341.47
-72.56573 -38.00798 338.05
-72.39874 -37.5977 338.74
-72.75637 -37.67035 310.98
-73.10563 -38.41593 343.5
-72.52779 -36.85036 341.04
-72.5634 -38.00882 341.93
-72.53175 -38.14451 343.51
-72.53274 -38.14045 344.87
-72.39532 -37.71227 344.96
-72.43018 -37.59673 343.84
-72.40446 -36.66062 346.3
-72.53936 -36.8597 343.49
-72.64541 -38.49232 344.17
-73.00018 -37.08744 291.21
-72.65022 -38.49278 346.02
-72.06873 -38.00008 317.81
-72.34343 -37.87551 300.73
-73.11314 -38.40804 351.22
-72.71072 -37.45227 367
-72.573 -36.80957 367
-72.58759 -38.10986 351.78
-73.09492 -37.28077 367
-72.80914 -36.65643 367
-72.39895 -37.71674 352.78
-72.58812 -38.10575 367
-72.86839 -36.53979 367
-73.00096 -37.08332 367
-72.39966 -37.7127 367
-72.36304 -38.17159 300.38
-72.36707 -38.16749 300.59
-72.29043 -38.17769 302.63
-72.25245 -38.36572 303.93
-72.29445 -38.11539 318.14
-72.96165 -38.19815 303.91
-72.29105 -38.03996 300.77
-72.34895 -38.14011 304.9
-72.58297 -38.4804 297.09
-73.58155 -37.38236 306.15
-72.76051 -38.02363 307.01
-72.6027 -38.50258 301.44
-73.58078 -37.37901 299.38
-73.4481 -37.60147 315.82
-72.28629 -37.9729 298.76
-72.79505 -36.79681 327.06
-72.57896 -38.48449 327.9
-72.93044 -36.93813 304.01
-72.29295 -38.10846 310.57
-72.40835 -38.15132 299.93
-72.30968 -38.0125 301.77
-73.08316 -38.36671 298.02
-73.06675 -38.29186 327.53
-72.38338 -38.13899 296.54
-73.14184 -38.11725 307.08
-72.2727 -38.06124 296.55
-72.53418 -38.04751 296.9
-72.89298 -36.54145 315.09
-72.08772 -38.01357 299.81
-73.08783 -38.36606 305.09
-72.29762 -38.02482 296.81
-72.58419 -38.12212 300.18
-72.27208 -38.05775 296.33
-72.59131 -38.11052 322.35
-72.78118 -36.78819 306.18
-72.57768 -38.12503 315.79
-72.59058 -38.10708 327.87
-72.29836 -38.02828 299.13
-73.12821 -38.11918 298.89
-72.38174 -38.00631 299.94
-72.1041 -38.15155 297.06
-72.48056 -38.13638 306.52
-72.40205 -37.96448 307.88
-73.10806 -38.4188 300.97
-72.78517 -36.66889 299.73
-72.79305 -38.04026 298.62
-72.01093 -38.26836 328.19
-72.79768 -38.03962 296.87
-72.30163 -38.02071 299.99
-73.106 -38.03491 298.23
-72.535 -38.05094 300.93
-72.88853 -36.54209 297.28
-72.79158 -38.03342 301.05
-72.78768 -38.03749 299.66
-73.1114 -38.03764 329.25
-73.09066 -38.0301 331.81
-73.07778 -38.36397 296.73
-72.15386 -37.76737 308.69
-72.81 -36.80168 342.95
-72.26666 -38.05491 306.68
-73.13272 -38.11854 333.78
-73.08277 -38.0836 303.13
-73.04937 -38.43402 309.22
-73.08025 -37.09161 321.19
-72.95622 -38.19538 299.67
-73.08685 -38.03414 304.68
-72.94632 -36.64918 306.35
-72.51424 -38.14422 306.53
-72.96728 -38.17981 297.56
-72.57648 -38.04176 297.28
-72.89895 -36.52666 304.1
-72.80391 -38.02467 301.62
-73.07497 -37.08887 301.54
-72.80232 -38.03897 306.14
-73.11059 -38.03426 314.53
-72.81368 -37.40195 303.45
-72.57419 -38.03146 303.47
-72.80313 -38.02126 299.44
-72.48259 -38.13428 308.36
-72.79188 -37.36646 298.37
-72.78695 -38.03407 318.14
-73.04166 -38.13492 305.86
-72.95036 -38.17587 300.89
-73.04552 -38.13087 314.74
-72.80061 -36.77144 297.5
-72.34107 -37.87519 300.23
-72.48611 -38.14801 325.22
-73.08762 -38.03753 314.06
-72.45663 -38.11479 299.83
-72.44966 -38.10509 306.61
-73.05476 -38.12957 327.06
-72.78836 -38.04091 325.78
-72.26529 -38.05772 314.99
-72.5866 -38.11117 305.86
-72.96087 -38.19474 326.82
-73.0892 -37.14948 299.16
-73.10915 -38.40463 308.55
-73.08241 -38.36331 327.62
-72.78767 -38.01636 301.8
-72.7785 -37.43497 328.96
-72.39259 -37.96575 299.97
-72.94758 -38.17902 322.5
-73.60665 -37.17891 302.37
-72.45181 -37.7451 316.24
-72.79435 -36.79341 302.02
-72.76437 -38.01957 335.07
-72.13939 -37.96658 302.07
-72.86639 -36.50349 310.71
-73.06145 -38.28909 310.37
-72.36211 -37.88301 304.45
-73.05173 -38.137 315.53
-72.36614 -37.87891 311.39
-73.138 -38.12129 311.23
-72.36624 -37.69464 302.84
-73.10264 -38.41605 319.92
-72.56125 -38.00304 306.75
-72.89595 -36.53406 304.37
-72.7926 -37.36986 298.31
-72.45856 -38.12519 299.93
-72.40581 -37.71235 300.72
-72.38645 -38.00567 312.07
-72.07722 -38.01138 298.87
-73.092 -38.36195 301.83
-72.19803 -37.79002 303.42
-72.16761 -37.93775 307.29
-73.04859 -38.43062 318.42
-72.55574 -38.00026 315.51
-73.44733 -37.59812 341.03
-72.85431 -37.44505 309.46
-72.58987 -38.10364 320.9
-72.39333 -37.9692 300.6
-72.34034 -37.87173 325.9
-72.34653 -37.87801 300.3
-72.19884 -37.79348 314.19
-72.19962 -37.79694 300.11
-72.42841 -37.6684 301.89
-72.39188 -38.00849 301.89
-72.81239 -38.01998 339.5
-72.60352 -38.50602 328.94
-72.57814 -38.02739 327.35
-72.85433 -36.45964 298.58
-72.83669 -36.65104 307.66
-72.77681 -38.03195 303.92
-72.83522 -36.6652 304.55
-73.10681 -38.0383 325.08
-72.13854 -37.96311 303.19
-73.10197 -37.23872 335.53
-73.0973 -38.4133 314.18
-72.74827 -37.40414 303.28
-72.78593 -36.67227 298.45
-73.06609 -37.09015 299.51
-72.95509 -38.17519 311.39
-72.36056 -37.71316 302.35
-72.7506 -37.39328 303.96
-72.45964 -37.73695 300.23
-73.12426 -36.73859 298.48
-72.81671 -37.41554 323.33
-73.13032 -38.339 298.54
-72.35049 -37.81566 311.24
-72.10355 -37.97209 298.88
-72.22942 -37.58747 305.13
-73.10124 -37.23534 305.3
-72.19559 -37.80105 299.02
-72.17336 -37.94055 321.78
-73.14349 -38.12401 319.39
-72.41672 -37.65937 302.28
-73.0927 -38.36536 314.81
-72.35922 -37.86918 314.36
-73.05093 -38.13361 300.54
-72.23893 -37.58618 302.94
-72.09197 -37.98793 305.63
-72.78643 -36.79093 302.4
-72.44304 -38.09889 321.29
-72.19481 -37.79759 300.13
-72.13712 -37.96768 298.84
-73.08999 -37.15285 310.57
-72.14024 -37.92354 303.06
-72.07343 -37.99395 309.81
-72.3567 -37.88018 299.02
-72.80148 -37.41068 313.38
-72.90458 -36.71818 307.96
-72.40108 -37.71298 327.96
-73.0851 -37.22372 304.36
-72.3276 -37.82234 306.02
-72.45321 -37.60484 314.83
-72.69786 -37.4112 320.27
-72.38242 -38.00977 318.56
-72.44721 -38.11608 305.08
-72.83134 -37.46929 322.1
-72.80762 -37.3958 333.85
-72.43625 -37.58051 299.57
-72.83054 -37.48693 303.1
-72.3709 -37.75252 300.67
-72.69713 -37.40778 306.46
-72.39866 -37.72395 321.62
-72.89223 -36.53808 344.29
-72.41105 -37.61055 299.52
-72.21885 -37.22902 316.12
-72.3318 -37.79689 300.43
-72.22061 -37.21458 316.1
-73.61337 -37.18829 305.34
-72.45248 -37.6014 313.38
-72.352 -37.88083 303.6
-72.87158 -36.50623 328.23
-72.79413 -36.66761 316.85
-72.34582 -37.87455 326.6
-72.80836 -37.3992 331.93
-72.4118 -37.61399 307.8
-72.40667 -37.5775 309.16
-72.1926 -37.89154 302.94
-72.33653 -37.79625 303.43
-72.87597 -36.54739 339.92
-73.09865 -37.26357 308.28
-72.43777 -37.58738 301.19
-73.05768 -38.29313 301.39
-72.81054 -36.65828 314.65
-72.85014 -36.47099 335.37
-72.87154 -36.54803 329.1
-72.37164 -37.75597 316.71
-73.0587 -38.1255 323.02
-73.14887 -38.12674 332.51
-72.81594 -37.41215 310.64
-72.46321 -38.12455 334.36
-72.79997 -37.40388 304.29
-72.8214 -37.48821 317.12
-73.10032 -37.27029 308.54
-72.16908 -37.91969 303.97
-72.55497 -37.99683 328.9
-72.41525 -37.65248 303.3
-72.56544 -38.05743 327.49
-72.862 -36.50412 331.37
-72.07529 -38.00446 304.56
-72.19146 -37.80517 322.33
-72.36228 -37.69873 325.12
-72.48724 -38.07514 334.98
-72.9684 -37.35557 304.18
-72.34086 -37.82901 299.7
-72.42144 -37.65873 328.89
-72.42374 -37.58931 302.16
-72.37016 -37.74907 311.61
-72.97578 -36.95254 300.22
-72.12482 -37.05398 305.22
-72.63999 -37.56987 323.91
-72.76939 -37.43626 323.8
-72.41598 -37.65593 310.09
-72.16631 -37.93077 306.04
-72.33158 -37.81825 314.6
-72.40102 -37.59599 320.55
-72.76626 -36.76237 313.58
-72.69601 -37.71512 310.74
-72.84515 -36.51002 314.02
-72.44794 -38.11953 321.1
-72.68863 -37.41249 300.61
-72.11535 -37.96982 303.41
-72.7467 -37.4184 300.81
-72.34426 -37.86765 308.75
-72.34402 -37.83076 301.78
-72.94273 -36.65318 324.18
-72.32635 -37.79408 306.25
-72.80482 -36.79892 332.6
-72.40985 -37.56998 308.12
-73.08446 -37.22033 332.31
-72.33717 -37.85794 321.75
-72.95843 -36.93761 316.82
-71.95659 -36.97589 316.78
-72.74915 -37.38646 328.02
-72.80605 -37.41004 302.94
-72.83366 -37.47948 302.83
-72.9222 -36.60044 301.26
-72.3231 -37.80163 303.47
-72.80455 -37.40324 300.61
-72.85903 -36.46973 302.91
-72.65791 -37.59801 306.09
-72.96017 -38.19133 334.4
-72.3465 -37.81976 300.34
-72.56283 -36.63042 311.57
-72.18993 -37.79824 308.53
-72.58516 -38.10429 310.79
-73.13981 -38.12803 336.6
-72.69667 -37.71854 303.87
-73.06218 -38.2925 329.13
-72.94198 -36.6498 310.45
-72.43376 -37.60394 313.14
-72.11432 -37.97784 300.66
-72.13383 -37.97527 301.01
-73.08687 -37.27223 300.22
-72.98026 -36.95189 304.77
-72.80309 -36.66632 304.85
-72.43844 -37.60331 311.08
-72.75645 -37.4416 311.01
-72.79599 -37.52335 302.74
-72.83212 -37.47268 324.75
-73.08064 -37.22437 301.81
-72.87272 -36.53044 308.48
-72.39899 -37.56438 302.81
-73.08463 -37.17103 339
-72.79165 -36.79367 312.41
-72.99107 -36.9608 310.36
-72.78722 -37.57659 304.46
-72.43701 -37.58394 312.19
-72.80387 -36.64876 303.95
-72.13071 -37.94986 307.08
-72.34797 -37.88492 328.35
-72.77404 -37.50888 327.83
-72.81808 -36.65022 315.18
-72.74219 -37.39797 300.53
-72.65717 -37.59459 306.33
-72.86895 -36.53446 313.06
-72.34976 -37.81221 332.69
-72.12554 -37.05743 302.3
-72.87341 -36.53382 303.42
-72.92312 -36.92523 303.71
-73.09339 -37.26085 301.91
-72.33987 -37.84691 311.2
-72.50629 -36.83426 303.9
-72.54286 -36.88124 313.59
-72.78494 -37.60849 313.95
-73.05404 -38.12616 315.17
-72.98973 -36.95402 325.79
-72.82924 -36.65908 320.45
-72.87892 -37.44862 331.83
-72.74296 -37.40137 301.67
-73.0922 -37.27494 332.52
-73.00567 -37.08831 307.84
-72.8736 -37.44586 316.35
-72.87712 -36.5298 314.23
-72.42148 -37.579 324.59
-72.21812 -37.22557 314.54
-72.19322 -37.79066 327.34
-72.72018 -37.4567 310.49
-72.53771 -36.8363 303.16
-72.53831 -36.82973 301.84
-72.96192 -36.95454 307.73
-72.45005 -37.59983 323.36
-72.89677 -37.41469 302.26
-72.75352 -37.42796 328.48
-73.00171 -37.09235 316.55
-72.82597 -37.48757 334.47
-72.89916 -36.60026 302.34
-72.9612 -36.95116 308.5
-72.40763 -37.55966 302.12
-72.40683 -37.63592 305.6
-72.34326 -37.82732 308.88
-72.8038 -37.39984 319.76
-72.44317 -37.59018 304.45
-72.7365 -37.43386 305.26
-72.51017 -36.49144 303.76
-72.22467 -37.58812 329.54
-72.86355 -37.44376 303
-72.43922 -37.59426 309.7
-72.76767 -37.639 306.83
-72.11242 -37.96735 307.07
-72.8819 -37.4412 316.64
-72.40758 -37.63936 307.23
-72.423 -37.58588 325.7
-72.7827 -36.79496 312.41
-72.40911 -37.56654 308.77
-72.91459 -36.56673 305.35
-72.50422 -36.83392 309.45
-73.09949 -37.26693 309.44
-72.866 -36.52096 313.69
-72.44537 -37.60049 309.3
-72.10963 -37.97845 315.85
-72.91973 -36.56947 306.45
-72.74385 -37.3837 328.6
-73.10748 -37.12946 310.65
-71.69605 -36.44919 301.89
-72.464 -38.12799 332.75
-72.15191 -37.06804 322.98
-72.72626 -37.45287 302.16
-72.64927 -37.56857 302.83
-72.80217 -37.50845 309.23
-72.82525 -37.46313 339.39
-72.87846 -36.51568 313.45
-72.80751 -37.5112 306.11
-72.40294 -37.5603 303.05
-72.74283 -37.45356 310.33
-72.95316 -38.18176 331.73
-72.7266 -37.43174 306.56
-72.84358 -36.46149 316.92
-72.3434 -37.8642 306.46
-72.49365 -36.9927 303.02
-72.93324 -36.65106 309.34
-72.89022 -36.52792 301.5
-72.73197 -37.4345 329.49
-72.21987 -37.21113 333.94
-72.94784 -36.93216 321.35
-72.40591 -37.57406 338.86
-72.43769 -37.59987 307.64
-72.49974 -36.80355 306.8
-72.93351 -36.93072 328.11
-72.74998 -37.66608 329.43
-72.90293 -36.59624 305.8
-72.85976 -37.44779 309.8
-72.40221 -37.55686 304.71
-72.07676 -36.67603 303.88
-72.87781 -36.53319 304.81
-71.626 -36.51229 306.93
-72.71694 -37.45419 315.72
-72.79944 -37.56787 329.02
-72.8329 -37.47608 323.67
-72.14852 -37.94032 310.17
-72.92515 -36.59306 307.01
-72.70457 -37.71042 329.32
-72.44463 -37.59705 314.04
-72.43602 -37.60178 330.56
-72.76954 -37.50951 304.7
-72.06819 -36.68074 308.44
-72.88786 -36.53871 322.45
-72.81138 -36.64071 314.04
-72.80142 -37.50504 303.21
-72.74599 -37.41499 329.58
-72.17087 -37.25326 306.43
-72.74236 -37.44006 304.13
-72.79676 -37.52675 302.94
-73.10548 -38.40865 328.55
-73.06686 -37.09352 331.95
-72.31866 -37.7809 337.72
-72.52715 -36.83074 303.69
-72.79321 -37.56172 302.34
-72.42224 -37.58244 335.54
-72.8752 -37.45264 329.76
-72.74294 -37.42243 304.02
-72.72717 -37.41411 306.43
-72.89824 -36.52328 331.32
-72.64462 -37.56922 316.39
-72.40516 -37.57062 304.41
-72.33482 -37.8107 308.87
-72.9579 -38.18111 331.44
-72.73462 -37.67461 302.48
-72.39635 -37.71362 322.52
-72.51687 -36.50101 310.39
-72.85196 -36.51949 345.3
-72.70641 -37.42756 305.71
-72.90433 -36.603 323.64
-72.40047 -37.57126 328.74
-72.5636 -36.63382 304.16
-72.89854 -36.57598 313.01
-72.90298 -36.57535 305.07
-72.33084 -37.81479 334.6
-72.87044 -36.52032 331.71
-72.72842 -37.68953 302.36
-72.90225 -36.59286 310.66
-72.73389 -37.40264 303.04
-72.08714 -37.98857 308.47
-72.91261 -36.59834 304.4
-72.71954 -37.44328 317.37
-72.68787 -37.40908 327.86
-72.91777 -36.60107 332.07
-72.18055 -36.55531 330.32
-72.79937 -36.67035 316.54
-72.54382 -36.8114 304.42
-72.81605 -37.48545 302.34
-72.49531 -36.54207 306.54
-72.72159 -37.45353 303.49
-72.84429 -36.46487 329.14
-72.56815 -36.63318 303.05
-72.55843 -36.69415 309.99
-72.52545 -36.84502 306.18
-72.32236 -37.79817 327.25
-72.71362 -37.39494 319.44
-72.80444 -37.51865 326.32
-72.43849 -37.59082 318.09
-72.07865 -37.97178 309.44
-72.87814 -37.44522 333.92
-72.73172 -37.41348 309.04
-72.72556 -37.44945 311.92
-72.72948 -37.42432 307.03
-72.95667 -36.95181 324.15
-72.92724 -36.58232 305.16
-72.72415 -37.45264 310.93
-72.93767 -36.65042 309.25
-72.74299 -37.65652 331.93
-72.51158 -36.49826 321.66
-72.72467 -37.69356 303.02
-73.09583 -37.27094 324.07
-72.74373 -37.40477 326.5
-72.07388 -36.67108 308.16
-72.88348 -36.53934 310.64
-72.21593 -37.21522 308.41
-72.74219 -37.41903 311.8
-72.77479 -37.62746 316.37
-72.55684 -36.80605 304.22
-71.63014 -36.50814 329.38
-73.08386 -37.16766 333.28
-72.53831 -36.8608 308.13
-72.89777 -36.5935 328.12
-72.57866 -36.65975 303.17
-72.87141 -37.45667 331.31
-72.74149 -37.41562 311.55
-72.49078 -36.54271 304.77
-72.44706 -37.5986 328.6
-72.86079 -36.51822 323.56
-72.81678 -37.48886 322.32
-72.07536 -36.67797 314.39
-72.89707 -36.59012 324.52
-72.75917 -37.64371 320.02
-72.96581 -36.95049 345.28
-72.88284 -36.53595 321.25
-72.97652 -36.95592 336.55
-72.52472 -36.84161 305.42
-72.94839 -38.18242 334.52
-72.52898 -36.68778 303.07
-72.56849 -37.18817 334.17
-72.86881 -36.51359 304.3
-72.71481 -37.45393 311.39
-72.73011 -37.40668 316.27
-72.89456 -36.52729 322.47
-72.33009 -37.81134 331.55
-72.40836 -37.5631 331.45
-72.54438 -36.86698 327.87
-72.73932 -37.42645 307.11
-72.93423 -36.9341 340.59
-72.7355 -37.40944 309.76
-72.74532 -37.39051 334.75
-72.53696 -36.80183 318.42
-72.8636 -36.51086 307.48
-72.84501 -36.46825 335.95
-72.06458 -36.67236 328.74
-72.71659 -37.40857 307.8
-72.73315 -37.4203 305.08
-72.87068 -37.45327 312.39
-72.71349 -37.41603 312.19
-72.48625 -36.54333 305.33
-72.49602 -36.54548 314.99
-72.74017 -37.42984 319.03
-72.39805 -37.96856 350.01
-72.78424 -37.60508 334.73
-72.80513 -37.55304 336.06
-72.94551 -36.94295 303.5
-72.8916 -36.57444 332.29
-72.58775 -36.63745 307.03
-72.56894 -36.77628 328.41
-72.64725 -37.57131 310.07
-72.80061 -37.54375 338.27
-72.80537 -36.65553 321.91
-72.94242 -36.95036 339.29
-72.7997 -37.55028 305.62
-72.73244 -37.41689 304.97
-72.72501 -37.42495 317.84
-73.07576 -37.09224 322.06
-72.53165 -36.79907 311.39
-72.54514 -36.87038 336.87
-72.80367 -37.51525 333.84
-72.51231 -36.50166 343.7
-72.59148 -36.63342 325.71
-72.79375 -37.51314 304.82
-72.91091 -36.57073 312.96
-72.17249 -37.9371 340.15
-71.62135 -36.51291 316.45
-72.72248 -37.37264 330.87
-72.73778 -37.37753 332.01
-72.87484 -36.51969 346.44
-72.74837 -37.65929 330.37
-72.85232 -36.46024 335.4
-72.51469 -36.49081 330.58
-72.92646 -36.57895 308.62
-72.52177 -36.79694 315.81
-72.58852 -36.64084 307.42
-72.85841 -36.50812 317.89
-72.53699 -36.83289 332.76
-72.73847 -37.67056 307.51
-72.80291 -37.51185 308.86
-72.32783 -37.80098 332.3
-72.90086 -36.5861 320.14
-72.80313 -36.64538 339.19
-72.80928 -36.79829 342.07
-72.49225 -36.54952 327.41
-72.17319 -36.55481 308.54
-72.58173 -36.63128 303.8
-72.89635 -36.58674 343.2
-72.81136 -37.50715 339.78
-72.64411 -37.57878 322.33
-72.7864 -37.57319 344.07
-72.69322 -37.41185 340.24
-72.64259 -37.57196 328.79
-72.60875 -37.1412 340.21
-72.86278 -36.50749 323.72
-72.07284 -36.68011 339.89
-72.74998 -37.3688 339.16
-72.72206 -37.43238 341.72
-72.82602 -37.46653 342.71
-72.1778 -36.55418 312.28
-72.4446 -37.60955 316.36
-72.72933 -37.40328 317.71
-72.74376 -37.42583 322.14
-72.72246 -37.68332 317.67
-72.07693 -37.97498 309.96
-72.5368 -36.85398 321.33
-72.85484 -36.51211 324.13
-72.93964 -36.65408 338.65
-72.90383 -36.57871 320.32
-72.91176 -36.57409 325.59
-72.40914 -38.15477 349.89
-72.73237 -37.39583 317
-72.58484 -36.64486 323.97
-72.80059 -37.55367 309.08
-72.8538 -36.46699 335.83
-72.55827 -36.77076 335.02
-72.54212 -36.87783 341.76
-72.49129 -36.80825 315.04
-72.53241 -36.80247 325.7
-72.95084 -38.19262 329.11
-72.79217 -37.5274 310.13
-72.73768 -37.41966 316.66
-72.56528 -36.80135 334.5
-72.55393 -36.69478 321.71
-72.73522 -37.66465 309.09
-72.74073 -37.39116 309.25
-72.72263 -37.41475 312.52
-72.93717 -36.94763 334.46
-72.51943 -36.83884 318.62
-72.07314 -36.66763 319.4
-72.71194 -37.43029 329.41
-72.73398 -37.42369 306.55
-72.73984 -37.66399 313.19
-72.44858 -37.59296 329.87
-72.57715 -36.67398 329.69
-72.56144 -36.8054 326.21
-72.4071 -37.61463 338.54
-73.40171 -38.24279 334.55
-72.73166 -37.39242 311.87
-72.74003 -37.4088 314.94
-72.71819 -37.43644 334.04
-72.07166 -36.66074 341.96
-72.73545 -37.38838 315.79
-72.07462 -36.67452 316.81
-72.53349 -36.68714 336
-72.50337 -36.82061 310.35
-72.55099 -38.00091 355.38
-72.8504 -36.51275 326.55
-72.72716 -37.39305 310.45
-72.80238 -36.642 343.07
-72.7254 -37.69698 313.53
-72.56892 -36.63659 324.93
-72.81769 -37.4712 330.32
-72.16694 -37.93427 331.26
-72.32094 -37.79125 343.14
-72.72414 -37.40049 313.26
-72.94695 -36.94971 335.53
-72.82454 -37.48075 317.01
-72.77734 -37.59551 322.76
-72.6828 -38.50509 327.78
-72.70724 -37.43096 326.97
-72.74062 -37.66741 311.84
-72.81993 -37.4814 318.83
-72.5575 -36.76736 331.57
-72.79832 -37.5125 309.76
-72.76987 -37.58251 315.59
-72.58014 -36.66655 333.22
-72.82065 -37.48481 337.03
-72.44927 -37.60891 338.95
-72.58698 -36.63405 314.71
-73.13863 -38.12218 334.86
-72.89935 -36.57935 343.48
-72.3997 -37.71487 347.21
-72.72543 -37.67588 311.41
-72.34262 -37.86076 322.18
-72.72615 -37.70039 313.66
-72.50185 -36.81379 324.93
-72.49149 -36.54611 317.8
-72.54838 -36.81076 333.23
-72.91613 -36.57347 322.32
-72.71422 -37.44051 331.23
-72.94025 -36.94022 318.12
-73.09047 -37.1145 330.65
-72.52634 -36.79631 323.5
-72.5292 -36.83103 324.22
-72.06774 -36.66483 325.76
-73.09145 -38.03349 337.42
-72.17853 -36.55762 332.48
-72.94932 -36.93892 325.3
-72.92288 -36.58294 348.38
-72.56055 -36.78097 334.1
-72.93089 -36.66413 336.69
-72.07456 -37.96455 337.41
-72.51087 -36.49485 333.74
-72.86679 -37.45732 346.43
-72.95948 -38.18792 340.03
-72.85563 -36.51548 339.75
-72.57346 -36.63594 346.89
-72.55771 -36.69075 330.56
-73.09865 -37.13073 340.02
-72.79292 -37.5308 341.33
-72.69246 -37.40844 349.83
-72.74786 -37.66927 339.2
-72.78711 -37.61871 343.59
-72.08022 -37.97873 306.65
-72.79407 -37.56511 319.46
-72.74538 -37.43262 338.04
-72.07132 -37.98349 334.61
-72.76125 -38.02705 348.7
-72.98164 -36.95866 345.77
-72.8956 -36.58337 338.5
-72.32459 -37.80854 340.81
-72.95527 -36.94503 340.48
-72.74983 -37.432 347.35
-72.72342 -37.39709 326.89
-72.98082 -38.30527 329.5
-72.56281 -36.77012 335.85
-72.86586 -36.5429 342.33
-72.73473 -37.38497 315.94
-72.86001 -36.51485 331.59
-72.73847 -37.42306 320.82
-72.94743 -38.17745 332.27
-72.07241 -36.66418 337.99
-73.60472 -37.18957 320.45
-72.55904 -36.77416 342.3
-72.49879 -36.82126 335.13
-72.54286 -36.86017 326.56
-72.90675 -36.59222 337.06
-72.94173 -36.94698 333.57
-72.71741 -37.43304 342.76
-72.89407 -36.57663 343.47
-72.70702 -37.46203 343.98
-72.71558 -37.44735 340.79
-73.60986 -37.19226 338.33
-72.80762 -36.64474 336.04
-72.73853 -37.38093 342.99
-72.07755 -37.98983 334.67
-72.80463 -36.65215 341.11
-72.93399 -36.65443 332.97
-72.76693 -37.63559 335.87
-72.90011 -36.58272 342.05
-72.78121 -37.61252 331.42
-73.09287 -37.21565 338.51
-72.7302 -37.3856 324.22
-72.58929 -36.64423 327.22
-72.80836 -36.64812 346
-73.10416 -38.02859 340.72
-72.7006 -37.71448 342.18
-72.72032 -37.38348 339.97
-72.92442 -36.58968 334.85
-72.52786 -36.83416 340.16
-72.99285 -37.08252 332.75
-72.57195 -36.67121 316.82
-72.74451 -37.40817 346.64
-72.64536 -37.57264 344.63
-72.0782 -37.99333 348.78
-72.92453 -36.57352 336.95
-72.96387 -38.17781 332.21
-72.96338 -38.18386 334.57
-72.78718 -36.79432 342.8
-73.08897 -37.21969 340.31
-72.85304 -36.46362 339.28
-72.74349 -37.69096 338.5
-72.59373 -36.64361 337.6
-72.67577 -38.50521 344.63
-72.8456 -36.4609 343.37
-72.06924 -36.67171 335.35
-72.80148 -37.54714 338.75
-72.72569 -37.38623 323.38
-72.95559 -38.19093 341.18
-72.82983 -37.48352 347.28
-72.21914 -37.20769 337.73
-72.85922 -36.51148 337.98
-72.58557 -36.64827 349.28
-72.74001 -37.38774 335.5
-72.78181 -37.57383 337.13
-72.86962 -36.53785 344.62
-73.06932 -37.0998 331
-72.50115 -36.81038 338.82
-72.82378 -37.47735 336.24
-73.10306 -37.13009 345.37
-72.54308 -36.80799 337.43
-72.06236 -36.66202 342.39
-72.95527 -38.18796 331.11
-72.5794 -36.66315 343.85
-72.85382 -36.46379 338.34
-73.00406 -37.08783 349.74
-72.17596 -36.55595 328.33
-72.7077 -37.45549 327.63
-72.7854 -36.79468 345.36
-72.81918 -37.478 339.25
-72.7766 -37.59211 327.95
-72.70806 -37.43435 338.57
-72.07686 -37.98634 319.95
-72.78185 -37.59488 350.75
-72.0713 -37.97215 330.3
-73.0724 -37.09887 332.49
-73.10063 -38.03218 354.17
-73.1154 -38.41076 332.63
-72.99627 -37.08706 352.69
-72.75285 -38.02477 328.5
-72.78265 -37.62698 339.88
-72.87646 -36.51575 331.23
-72.96383 -38.19368 339.21
-72.99897 -38.38239 339.47
-72.93622 -36.65632 355.72
-72.70699 -37.45208 327.46
-72.80229 -37.55053 336.1
-72.59298 -36.64022 340.17
-72.92367 -36.58631 336.88
-72.71532 -37.39043 337.52
-73.1484 -38.12545 334.67
-72.9213 -36.57621 338.73
-72.78333 -37.62275 355.41
-72.7446 -37.3871 346.46
-72.95458 -36.94165 351.46
-72.74235 -37.66651 333.42
-72.95005 -36.9423 335.07
-72.98538 -36.95464 334.07
-72.86718 -36.50686 349.18
-72.92507 -36.59436 353.39
-72.56597 -36.68607 328.41
-72.78637 -37.61531 335.03
-72.93571 -36.94086 345.35
-72.78742 -37.62743 339.36
-72.34828 -37.80531 331.3
-72.89178 -36.5422 341.05
-72.7887 -37.6192 339.24
-72.06647 -37.9728 335.66
-73.11002 -38.40801 346.97
-72.55294 -36.81011 338.78
-72.15265 -37.93618 347.74
-72.94056 -36.95365 337.97
-73.09411 -37.1105 340.61
-72.74078 -37.37009 354.6
-73.03668 -37.06966 344.25
-72.47655 -38.13916 338.75
-72.8268 -37.46992 347.24
-72.85403 -36.50874 349.54
-72.74313 -37.66992 337.9
-72.79908 -37.5159 352.92
-72.51542 -36.49421 336.28
-72.88887 -36.54513 332.03
-71.62077 -36.5094 349.13
-72.14722 -37.93334 333.16
-72.98895 -36.95065 333.31
-72.94485 -36.95408 337.95
-72.07614 -37.9715 341.67
-72.80471 -37.54734 331.68
-72.98575 -36.94977 347.81
-72.49805 -36.81784 349.51
-72.8652 -36.51759 346.33
-72.85119 -36.51612 345.63
-72.74093 -37.68077 332.27
-72.92651 -36.58619 343.4
-72.56527 -36.68266 352.88
-72.96701 -36.9521 330.49
-72.80524 -36.65191 336.14
-72.93443 -36.65771 345.31
-72.78138 -37.6018 335.24
-73.0078 -37.08427 340.67
-72.77689 -37.58637 338.79
-72.3443 -37.8094 344.26
-72.7102 -37.45457 344.21
-72.78263 -37.59828 344.53
-72.55393 -36.72578 332.61
-73.07993 -37.22098 342.12
-73.10152 -37.13237 337.47
-72.33864 -37.86485 340.52
-72.72628 -37.3686 348.47
-72.32685 -37.81889 347.31
-72.46961 -38.13078 344.7
-72.96372 -38.19074 354.37
-72.52708 -36.79971 344.4
-72.48685 -38.08317 341.22
-72.06745 -36.67729 325.5
-72.07381 -37.97241 344.08
-72.82758 -37.47332 345.81
-72.80972 -36.65234 345.4
-72.7902 -37.56915 349.56
-72.07614 -37.98285 320.18
-72.77062 -37.58591 328.47
-72.73863 -37.69163 349.6
-72.72131 -37.42897 348.8
-72.7522 -37.69081 338.8
-72.4789 -38.14767 342.26
-72.21841 -37.20424 335.41
-73.60123 -37.19354 346.07
-73.01093 -36.82468 332.69
-72.95182 -36.92969 339.34
-72.72488 -37.38284 341.38
-72.78799 -37.62331 341.36
-73.00407 -38.37989 331.59
-72.98986 -36.95437 335.36
-72.77469 -37.43902 341.91
-72.72184 -37.41135 336.57
-72.7159 -37.40516 313.93
-72.067 -36.66138 337.03
-72.56203 -36.76672 355.83
-72.76186 -38.0278 331.42
-72.72327 -37.37604 338.19
-72.78554 -37.60637 344.6
-72.57639 -36.67058 353.29
-72.77302 -37.63022 340.01
-72.78109 -37.59148 351.74
-72.73084 -37.36797 355.83
-72.71088 -37.45799 350.58
-72.93211 -36.94862 343.18
-72.73319 -37.37817 346.06
-72.86855 -36.53566 331.73
-72.08427 -37.97462 331.08
-72.7924 -37.57956 336.88
-72.71243 -37.40676 339.51
-72.71596 -37.38326 340.05
-72.79781 -37.56107 336
-72.94717 -36.93341 353.92
-72.94936 -36.95452 343.95
-72.32493 -37.78716 346.58
-72.06998 -36.67516 348.85
-72.7804 -37.59507 335.96
-72.72269 -37.39368 345.72
-72.94136 -38.19191 333.77
-72.72112 -37.40794 346.56
-72.71274 -37.4337 353.64
-72.86441 -36.51422 348.9
-72.92384 -36.92861 328.74
-72.78522 -36.79819 337.74
-72.57346 -36.678 340.17
-72.56974 -36.68204 349.06
-72.44336 -38.11526 346.41
-72.70954 -37.42724 342.66
-72.73161 -37.37136 355.63
-72.78246 -37.58275 343.39
-72.92757 -36.92459 344.13
-72.77266 -37.63436 333.42
-72.44754 -38.10815 339.53
-72.83419 -36.66716 339.95
-72.74406 -37.69 334.08
-72.78336 -37.60372 345.98
-72.71093 -37.44801 346.35
-72.8362 -36.65493 343.97
-73.60555 -37.1929 347.16
-72.87504 -36.54379 346.45
-73.09462 -37.11483 341.28
-72.82149 -37.46716 340.13
-72.32417 -37.78371 345.85
-72.71771 -37.37513 340.14
-72.95387 -36.93826 349.33
-72.91193 -36.59496 342.26
-72.94243 -38.18777 340.48
-72.95139 -36.93382 346.21
-72.94403 -36.93619 356.01
-72.13202 -37.95684 335.62
-72.71294 -37.40266 343.85
-72.32611 -37.81544 343.78
-72.71585 -37.42624 355.38
-73.15652 -38.05014 333.44
-72.80682 -37.50576 333.92
-72.56435 -36.77692 348.74
-72.71368 -37.39858 339.99
-73.07726 -37.21994 337.12
-73.14471 -38.12149 339.79
-72.90607 -36.58884 352.05
-72.92973 -36.93475 343.83
-73.0863 -37.21658 336.95
-72.44424 -38.10369 336.61
-72.84996 -36.46027 356.23
-73.10479 -37.23943 339.69
-73.06643 -38.10564 340.81
-72.79975 -37.52179 352.64
-73.04236 -38.15872 346.34
-72.80147 -37.55706 355.63
-73.00907 -37.08413 346.44
-72.87404 -36.51632 355.51
-72.33208 -37.86615 341.86
-72.74837 -37.66956 349
-72.86656 -36.51888 351.87
-72.41364 -38.15777 334.55
-72.07054 -37.98 346.94
-73.03162 -37.0669 347.33
-72.74448 -37.66335 347.63
-72.79903 -37.56768 342.21
-73.10669 -37.12609 339.25
-72.72116 -37.38687 351.55
-72.87088 -36.54464 315.06
-72.58084 -36.65426 337.53
-72.8661 -37.45391 344.39
-72.74265 -37.68756 350.01
-72.74092 -37.37332 337.77
-72.49516 -36.8042 356.13
-72.7819 -37.58687 344.26
-72.70711 -37.44361 341.89
-72.7986 -36.66697 350.74
-73.0595 -38.42026 337.48
-72.70956 -37.44117 343.04
-73.06917 -38.11869 334.01
-72.78773 -37.5791 356.19
-72.49103 -38.08359 354.35
-72.96669 -38.18154 342.63
-72.44853 -37.60548 351.61
-72.94925 -38.18581 335.15
-72.74887 -37.6863 352.68
-72.4973 -36.81444 345.92
-72.87026 -36.54124 336.11
-72.7418 -37.68417 332.58
-72.74395 -37.67332 334.37
-72.80783 -36.80044 335.68
-72.85455 -36.47036 327.42
-72.06383 -36.66891 340.79
-72.78193 -37.61593 324.67
-72.06836 -38.00409 354.16
-72.49952 -36.82467 337.2
-72.06897 -37.97305 339.6
-72.07539 -37.97937 326.91
-72.44008 -38.10326 340.62
-72.71836 -37.39902 336.2
-72.72941 -37.38221 349.63
-73.14969 -38.12195 337.84
-72.34902 -37.80876 347.28
-72.98459 -36.95385 344.43
-73.14851 -38.12612 349.02
-73.08646 -37.22081 349.77
-72.69016 -37.41288 334.26
-72.13644 -37.95679 340.85
-72.74673 -37.67775 348.49
-72.07619 -37.99273 339.9
-72.94715 -38.18821 337.52
-72.81844 -37.4746 355.04
-72.72706 -37.372 356.13
-72.70632 -37.45862 337.66
-72.86568 -36.52294 353.28
-72.06309 -36.66547 355.65
-73.60201 -37.19688 342.57
-72.71692 -37.3792 341.58
-72.83054 -37.48923 341.96
-72.48466 -38.07468 341.17
-72.13613 -37.95271 348.56
-72.84959 -36.50938 348.06
-72.92958 -36.66138 354.32
-72.71503 -37.41947 340.73
-72.71115 -37.4269 355.74
-72.97925 -36.96169 341.14
-73.09607 -37.27666 345.2
-72.56058 -36.69307 345.13
-72.79486 -37.5685 350.07
-72.92444 -36.59846 338.08
-72.79865 -37.56447 350.1
-72.56902 -36.67863 343.34
-72.72406 -37.37944 355.12
-73.08838 -37.21629 355.74
-72.78979 -36.79865 336.84
-72.90824 -36.57808 351.08
-72.92831 -36.92798 341.94
-73.60695 -37.19672 343.83
-72.77367 -37.57848 343.56
-73.09486 -37.11387 326.84
-72.53967 -36.82656 330.57
-72.78938 -37.57091 332.55
-73.10048 -37.27708 339.13
-72.88231 -36.54537 354.27
-72.9846 -36.95127 331.76
-72.48352 -38.14812 335.58
-72.90747 -36.58431 341.76
-72.96136 -38.18529 346.18
-73.1172 -38.4127 340.26
-72.53375 -36.83038 346.38
-72.54779 -38.00627 335.89
-72.77768 -37.63068 334.53
-72.56608 -36.80475 328.05
-72.8703 -36.54333 338.87
-72.57744 -36.67436 340.47
-72.71428 -37.41943 332.47
-72.13565 -37.96077 340.8
-72.84796 -36.46086 353.04
-72.82226 -37.47056 347.97
-72.55329 -36.6964 342.21
-72.71971 -37.42218 346.38
-72.31968 -37.78239 341.61
-72.37013 -37.75484 342.3
-72.34668 -37.88405 342.96
-72.15201 -37.93269 340.76
-73.05504 -38.41985 344.39
-72.55434 -36.72511 334.07
-72.74493 -37.66505 343.72
-72.53172 -36.83011 341.17
-72.71024 -37.44459 346.6
-72.72192 -37.39027 350.04
-72.70525 -37.46004 346.06
-73.10519 -37.23524 344.82
-72.32523 -37.78767 334.05
-72.71161 -37.45142 351.61
-72.31797 -37.79104 342.22
-72.53769 -36.82683 349.24
-72.79842 -36.66778 347.68
-71.62057 -36.51237 343.67
-72.82303 -37.47396 346.85
-72.34699 -37.88418 348.75
-72.32069 -37.81585 342.8
-72.74814 -37.39358 346.87
-72.1328 -37.96032 335.24
-72.77394 -37.43771 353.01
-72.80981 -36.65489 344.53
-72.71621 -37.38636 342.62
-72.07464 -38.00096 343.19
-72.71893 -37.39771 345.35
-72.79374 -37.57134 349.79
-72.55492 -36.81179 347.1
-72.55244 -36.68798 332.49
-72.48713 -38.15261 351.67
-72.96085 -38.18949 344.91
-72.5512 -37.99929 351.69
-72.647 -37.5858 337.77
-72.74756 -37.67366 355.82
-71.62548 -36.50877 353.16
-73.08802 -37.27164 334.74
-72.55021 -37.99748 338.72
-72.8494 -36.46762 353.33
-72.07535 -37.96803 349.83
-72.32274 -37.80379 341.85
-72.93647 -36.94424 345.14
-72.40928 -38.15734 355.09
-72.45695 -38.05539 353.55
-72.1358 -37.95812 337.62
-72.75925 -38.03041 342.08
-72.45045 -37.61106 345.24
-72.95812 -38.1765 351.33
-72.58227 -38.12442 349.84
-72.58696 -38.11396 342.38
-72.71108 -37.44816 345.18
-72.58733 -36.65491 340.04
-72.58784 -36.65088 351.16
-72.74702 -37.66587 342
-72.78119 -37.59098 343.22
-72.44785 -37.58953 332.74
-72.54755 -37.99477 339.64
-72.56117 -36.81244 354.62
-72.53319 -36.82589 348.15
-72.53365 -36.82185 354.94
-72.56731 -36.81307 342.98
-72.871 -36.51933 340.73
-72.07051 -37.96867 348.5
-73.0481 -38.13801 351.94
-72.51785 -38.14317 343.31
-72.53168 -36.82215 346.37
-72.07571 -37.99673 342.65
-72.57351 -38.02118 356.44
-72.74906 -37.42859 342.19
-72.56908 -36.80097 342.78
-72.34402 -37.87147 340.16
-73.07244 -38.31076 341.79
-72.16622 -37.93549 344.95
-72.39375 -37.62999 343.55
-72.55647 -36.48283 335.25
-72.58408 -38.10119 342.47
-72.96262 -38.17692 343.72
-72.45106 -37.60701 349.5
-72.40914 -38.16146 348.06
-72.77014 -37.43967 329.9
-72.55048 -38.00336 344.6
-72.79305 -37.57545 348.59
-72.56149 -36.68671 347.3
-72.43924 -38.10731 338.69
-72.87012 -36.52339 350.53
-72.94797 -38.18404 355.14
-72.52704 -38.14405 341.38
-72.53072 -36.83022 340.68
-72.53863 -36.83464 347.23
-72.72217 -37.37558 351.56
-72.75076 -37.67814 348.71
-72.84378 -36.46694 348.83
-72.74373 -37.65993 329.9
-72.35036 -37.89271 356.68
-72.54606 -38.00292 346.75
-72.49739 -36.80582 343.81
-72.40273 -37.57351 342.31
-72.94858 -36.93554 352.9
-72.32021 -37.7878 328
-73.10683 -38.41175 347.88
-72.56831 -36.80499 352.75
-72.77395 -37.43562 345.73
-72.50885 -36.4982 343.4
-72.49442 -36.54684 348.25
-72.7324 -37.37477 352.54
-72.99766 -37.0788 347.55
-72.43397 -37.60121 346.16
-72.53919 -36.83061 342.29
-72.67989 -38.50401 347.84
-72.95601 -36.9301 348.93
-72.53272 -36.82993 347.52
-72.49049 -36.80918 350.43
-72.71939 -37.8134 350.35
-72.57393 -38.01706 350.74
-72.54539 -38.007 345.84
-72.84666 -36.47962 348.03
-72.90462 -36.58208 352.32
-73.11416 -38.41257 353.22
-72.72198 -37.81118 345.69
-72.76227 -38.02456 354.03
-72.74528 -37.66675 345.89
-72.71507 -37.42283 351.92
-72.86962 -36.51695 335.1
-73.06592 -38.10986 354.29
-72.70131 -37.7179 337.9
-72.71722 -37.3823 349.2
-73.11595 -38.40965 350.51
-73.60823 -37.18559 341.86
-72.82526 -37.48416 346.84
-72.53307 -36.82697 328.17
-72.59274 -38.10622 339.95
-72.53313 -36.83694 339.47
-72.57272 -36.67461 336.24
-72.80688 -36.64136 332.68
-72.53722 -36.83087 353.27
-72.7204 -37.40453 339.63
-72.55319 -36.69138 329.91
-72.54681 -37.99884 354.58
-72.49657 -36.81102 350.05
-72.15231 -37.93812 351.94
-72.33543 -37.87059 349.63
-72.90535 -36.58545 334.94
-72.52707 -36.85438 342.57
-72.78754 -38.01446 354.05
-72.49369 -36.55083 341.5
-72.91706 -36.5977 344.24
-72.72784 -37.37541 347.4
-72.33633 -37.86658 344.27
-72.77515 -37.58529 348.5
-72.31857 -37.78701 345.41
-72.40118 -37.72927 348.32
-72.44473 -37.61871 343.78
-72.8484 -36.4674 352.68
-73.1072 -38.03263 347.7
-72.57818 -36.67035 346.21
-72.85224 -36.52156 349.94
-72.44088 -38.10677 352.57
-72.71739 -37.39091 322.57
-72.72112 -37.81527 354.71
-72.54305 -37.99432 342.25
-72.79826 -37.57178 344.38
-72.8564 -36.51885 341.64
-72.71809 -37.41539 340.96
-72.78853 -37.575 353.17
-72.71817 -37.39431 343.45
-72.39306 -37.63401 344.75
-72.90904 -36.58144 342.06
-72.31946 -37.78434 329.72
-72.75981 -38.02628 347.15
-72.77443 -37.58188 339.91
-72.95771 -36.93422 327.11
-72.51799 -36.79979 344.28
-72.71967 -37.40112 337.55
-72.40257 -37.72121 345.44
-72.92148 -36.59706 327.94
-73.11073 -38.4164 356.03
-72.95315 -36.93488 332.1
-72.91124 -36.59157 351.18
-72.4047 -37.7091 351.14
-72.91054 -36.58819 341.52
-72.92077 -36.59369 338.5
-72.74478 -37.67672 339.4
-72.82912 -37.48011 340.71
-72.71891 -37.41878 341.38
