180 214 148 119 204
177 219 150 121 178
239 165 213 177 163
184 214 158 196 166
180 209 121 156 200
175 211 139 144 203
179 221 147 149 190
178 217 150 147 183
172 217 146 145 176
179 221 148 129 193
186 212 146 144 191
180 220 146 108 174
180 221 149 150 195
184 137 146 191 203
177 204 258 196 103
176 128 151 169 141
182 195 154 124 187
176 220 148 110 181
195 184 152 123 165
175 203 160 125 182
175 212 167 197 210
196 216 171 129 180
162 183 230 180 160
153 185 181 125 162
182 213 178 125 170
180 218 152 149 194
187 219 149 149 211
184 206 148 143 207
190 130 157 117 172
155 215 144 96 162
176 221 150 131 172
177 219 150 114 184
178 114 148 129 189
181 212 152 122 175
179 207 151 132 157
170 202 155 108 185
182 214 143 154 199
181 221 142 117 195
177 215 144 122 214
178 220 141 163 188
179 222 139 124 189
178 210 138 114 174
183 221 153 121 193
175 218 144 129 174
219 119 293 125 179
195 87 310 150 94
188 209 244 230 160
172 163 183 59 147
208 113 251 127 145
158 110 330 266 175
204 190 251 144 128
226 232 166 142 181
169 170 272 130 145
183 140 327 113 139
160 149 202 151 155
185 181 170 101 152
176 190 145 120 144
179 220 158 109 185
175 193 167 117 179
178 214 160 94 194
165 213 121 98 199
