1.66 1.64 0.26 0.13 1.72
1.62 1.72 0.24 0.2 1.73
1.45 1.31 0.14 0.2 0.84
1.57 2.12 0.29 0.37 1.5
1.56 1.73 0.31 0.27 1.35
1.74 1.68 0.38 0.26 1.66
1.86 1.92 0.51 0.3 1.72
2.3 1.72 0.64 0.42 2.09
1.99 2.01 0.72 0.12 2.19
2.69 2.13 0.68 0.59 2.05
1.84 1.81 0.5 0.27 1.97
1.82 1.92 0.42 0.18 1.71
3.14 2.3 0.49 1.32 2.36
2.79 1.79 0.4 0.66 2.15
1.2 0.96 0.15 0.3 0.69
1.52 0.99 0.25 0.16 1.33
2.15 1.17 0.29 0.37 2.08
1.89 1.52 0.29 0.24 1.79
1.43 1.21 0.27 0.11 1.68
1.54 1.59 0.21 0.14 1.66
1.38 2 0.29 0.28 1.4
1.26 1.45 0.17 0.12 1.32
0.96 1.2 0.05 0.18 0.79
1.26 1.88 0.24 0.24 1.34
1.73 2.03 0.24 0.47 1.33
2.52 2.43 0.77 0.72 2.07
2.92 2.07 0.86 1.21 2.52
2.38 1.72 0.74 0.77 1.87
1.08 0.94 0.24 0.15 1.56
1.46 1.45 0.39 0.16 1.3
1.82 1.61 0.36 0.33 1.87
1.68 1.74 0.43 0.28 1.99
1.54 0.88 0.38 0.23 1.41
1.87 1.91 0.38 0.26 1.76
1.47 1.44 0.28 0.13 1.18
1.62 1.77 0.56 0.38 1.35
2.27 1.79 0.59 0.75 1.83
2.03 1.8 0.59 0.35 2.19
2.3 1.91 0.43 0.44 1.78
2.25 2.23 0.56 0.42 1.99
2.66 2.22 0.69 0.69 2.08
2.09 1.72 0.35 0.38 1.6
2.11 1.49 0.25 0.39 1.94
1.84 1.58 0.3 0.2 1.92
1.09 1 0.21 0.13 0.78
0.78 0.92 0.21 0.18 0.71
1.01 1.38 0.18 0.21 1.49
0.42 0.65 0.03 0.01 0.31
0.93 0.92 0.27 0.17 0.68
1.33 1.56 0.78 0.38 1.22
0.85 0.7 0.17 0.09 0.8
0.9 1.17 0.17 0.14 1.23
0.95 0.88 0.15 0.11 0.61
0.74 0.94 0.44 0.08 0.86
0.99 1.06 0.24 0.19 0.87
0.89 0.78 0.07 0.06 0.97
1.03 1.1 0.15 0.1 0.95
1.9 1.68 0.44 0.25 2
1.31 1.22 0.2 0.12 1.83
1.16 1.35 0.13 0.14 0.82
1.24 1.34 0.15 0.09 1.21
